10000
9.851136
9.834767
9.782602
9.812403
9.761913
9.796149
9.76994
9.749742
9.72802
9.620721
9.579969
9.557966
9.542393
9.457879
9.483253
9.416341
9.435956
9.337911
9.245484
9.21265
9.223404
9.252903
9.129714
9.022007
9.120184
9.086453
9.11033
9.016149
8.935708
8.921913
8.81297
8.815265
8.709944
8.710627
8.612612
8.611838
8.503708
8.385311
8.297817
8.352649
8.370877
8.200477
8.099697
8.055511
8.045298
7.891271
7.772478
7.8147755
7.6156783
7.538987
7.275064
7.4940796
7.326599
7.1528754
7.072461
7.007291
6.989936
6.853134
6.944148
6.9551325
7.037227
7.0034447
6.939076
6.78435
6.9450755
6.848223
6.8268504
6.8513083
6.8888516
6.9573655
6.936099
7.007564
6.957744
6.9482117
6.997337
6.9781647
7.10821
6.9913163
7.0609093
6.798132
7.0504565
6.897
6.9789834
6.8521523
7.004354
6.845356
6.9029512
7.026513
6.957546
6.9584923
6.973016
7.2314415
7.4053955
7.3997703
7.4907084
7.5625954
7.587811
7.8347597
7.949036
8.2427635
8.159435
8.207592
8.18203
8.038647
8.088068
8.238558
8.300396
8.274789
8.231157
8.5026455
8.402311
8.329926
8.299693
8.227012
8.17734
8.122086
8.115588
8.192223
8.13528
8.112403
8.052795
7.974388
7.910968
8.04988
7.9818883
7.975437
7.983391
7.9042053
7.8552003
7.78082
7.7483807
7.652965
7.595669
7.6487746
7.562971
7.5862265
7.504241
7.6164594
7.560089
7.5631685
7.609316
7.5907774
7.5503006
7.566702
7.5004225
7.58029
7.5284243
7.558029
7.6094646
7.543245
7.503537
7.609657
7.493752
7.49506
7.4167843
7.412146
7.393703
7.4151964
7.2809105
7.32733
7.372449
7.336855
7.2995834
7.393529
7.3211484
7.2612023
7.2610607
7.3407555
7.3543024
7.338008
7.371734
7.398901
7.5085745
7.538269
7.318199
7.3887153
7.3032155
7.273675
7.316766
7.265761
7.166732
7.127185
7.114277
7.1241517
7.0333743
7.105095
7.1026506
7.087164
7.121439
7.0124288
7.1858025
7.050623
7.0187235
6.9175825
6.8718376
6.794258
6.7783666
6.6738887
6.5295067
6.8851166
6.598225
6.6966734
6.5557175
6.5695496
6.5589194
6.3650436
6.3668694
6.4126453
6.387553
6.251514
6.336204
6.2556496
6.5286684
6.4319797
6.5967436
6.2236123
6.461955
6.6041636
6.627704
6.694867
6.5034957
6.6585054
6.5326777
6.8279014
6.6969767
6.7250004
6.4850426
6.794491
6.592382
6.772733
6.7345133
6.69229
6.658488
6.6734324
6.7085576
6.697683
6.627771
6.560336
6.6720634
6.7050915
6.5682955
6.642538
6.4544663
6.7423725
6.634687
6.8504286
6.4775243
6.8606873
6.7910132
6.733417
6.7401943
6.366428
6.6590123
6.549228
6.5555215
6.5051556
6.6030807
6.5631013
6.7550635
6.7437487
6.55562
6.506262
6.6864014
6.6143727
6.7168484
6.63663
6.5950265
6.7601633
6.790249
6.63211
6.70119
6.6817975
6.6338825
6.569307
6.6790876
6.4680805
6.6167073
6.8186245
6.6834383
6.5841393
6.732238
6.7244654
6.664755
6.646625
6.5365324
6.634454
6.5120044
6.70117
6.6927404
6.60818
6.5613613
6.568241
6.454972
6.439658
6.6369605
6.2819915
6.429123
6.5071707
6.317814
6.428008
6.258499
6.3437204
6.451197
6.1581197
6.3111763
6.1801343
6.5182257
6.4248314
6.426106
6.3803267
6.405954
6.5189886
6.473981
6.3786907
6.536469
6.5990515
6.6089582
6.2312555
6.6776714
6.475522
6.5620923
6.454321
6.5622153
6.3686323
6.6164784
6.5516496
6.5360456
6.456012
6.506264
6.441706
6.5468307
6.3598595
6.5755334
6.2867994
6.5209036
6.3057857
6.51914
6.5285115
6.356472
6.4044414
6.4281044
6.502173
6.445486
6.3732543
6.28817
6.2879653
6.359144
6.3798656
6.367892
6.312513
6.438935
6.3514977
6.355634
6.2002506
6.467163
6.4584084
6.494081
6.537842
6.611029
6.5196695
6.52455
6.5961437
6.596667
6.6742187
6.921748
6.847917
6.874322
6.814505
6.887223
6.8603683
6.8458943
6.887953
6.911027
6.9418406
7.1262436
6.9443393
7.115901
6.9473085
7.0131736
6.8575525
6.905281
6.9326057
6.954968
6.8364186
6.797911
6.9139347
6.966112
6.850078
6.891144
6.8022385
6.8075566
6.800096
6.704015
6.680067
6.588516
6.632051
6.763153
6.7644434
6.702673
6.675185
6.7787824
6.58633
6.6941934
6.6625767
6.663633
6.4949827
6.5989566
6.647773
6.529646
6.558959
6.6558166
6.573332
6.6678314
6.7061305
6.700573
6.770878
6.7366424
6.633627
6.682964
6.651355
6.82801
6.587132
6.7909765
6.60864
6.6562223
6.6583114
6.767268
6.6020803
6.6455474
6.729905
6.789259
6.6395545
6.7972283
6.895108
6.8193593
6.715536
6.634549
6.7005496
7.011129
6.888402
6.815477
6.8720417
6.9658628
6.8291526
6.8885736
6.941321
7.011174
6.936376
7.134065
7.024032
6.900438
6.811138
6.8892736
6.9077063
6.7172747
6.796823
6.928891
6.8869457
6.8823113
6.901613
6.853016
6.9850526
6.774983
7.014951
6.8165956
6.842284
6.8968005
6.7188807
6.9378195
6.779313
6.658253
6.905395
6.9250207
6.746267
6.8247743
6.8514996
6.842295
7.055897
6.7643867
6.8618965
6.8176894
6.936264
6.7160497
6.9345417
6.819234
6.955823
6.8980365
6.9712024
6.9676948
6.903756
7.05967
7.023033
6.9480424
7.0922112
7.0309687
7.1724143
7.2883887
7.006952
7.4081526
7.3023005
7.269202
7.2283072
7.324688
7.184539
7.2791905
7.1788197
7.396042
7.3781753
7.4543614
7.4154644
7.433799
7.3434086
7.1625953
7.206642
7.114871
7.3481436
7.388712
7.404621
7.2389183
7.1461005
7.205414
7.383256
7.123315
7.152998
7.1410513
7.1039033
6.9273415
6.989346
6.9872055
6.98307
7.0003257
7.0524373
6.995684
7.1565423
6.9201393
6.9336042
6.9256196
6.9332986
7.0479054
6.9682674
6.9055815
6.9273925
6.9002385
6.932349
6.9848247
6.932462
6.9935155
7.012243
6.9159327
6.8771496
6.783898
6.9274893
7.0218816
6.9600773
6.8568177
6.84916
6.873978
6.805909
7.02321
6.9767947
7.1620755
6.985542
7.0594316
7.1726804
7.117074
7.084348
6.9840603
7.0516305
7.0818715
7.13322
7.2462006
7.2531343
7.444718
7.2477036
7.385884
7.388118
7.348053
7.354985
7.3069596
7.295223
7.4084167
7.407219
7.324072
7.134913
7.14028
7.348752
7.3269515
7.386079
7.3014126
7.352852
7.1397343
7.2567983
7.1804175
7.384012
7.327613
7.3202252
7.2698503
6.950832
6.823452
7.064783
7.07481
7.0156994
6.9751644
6.999585
6.79163
6.702008
6.8624544
6.834871
6.7967315
6.854094
6.777721
6.704507
6.879064
6.880416
6.8754587
6.8202257
6.9221563
6.8674307
7.003244
6.7499795
6.886927
6.9590287
6.842787
6.899885
6.931546
7.0523863
6.875188
6.86619
6.8102336
6.969333
6.9590583
7.093876
6.8518457
7.052306
6.9288306
6.8853555
7.163783
7.0542965
7.0223475
7.0357924
7.2850394
7.214947
7.347234
7.067851
7.3212643
7.077401
7.2450323
7.3969812
7.341631
7.50428
7.410847
7.317992
7.410918
7.576488
7.2993298
7.4687543
7.4612436
7.4309664
7.284844
7.4454083
7.517764
7.330958
7.3217406
7.3713236
7.239913
7.2431927
7.304686
7.4003506
7.3827124
7.3304048
7.2295313
7.2316613
7.0825515
7.1665435
7.144627
7.0382357
6.8539276
6.8653092
6.983623
6.915767
6.892349
6.877259
6.8882656
6.897457
6.9143
6.8695064
6.801847
6.6990113
6.897428
6.687387
6.8160176
6.8357697
6.9671516
6.847901
6.831819
6.960931
6.79031
6.858695
7.0071635
6.839414
6.9313474
6.960086
7.007675
6.8543315
6.9105525
6.9456797
7.021122
6.9804773
6.858049
6.986863
6.8923936
7.085463
7.085618
7.0001163
7.2122583
6.9292417
7.18015
6.996148
7.2298846
7.191234
7.1744103
7.0499935
7.0670495
7.0812407
7.1018295
7.405812
7.3401423
7.3389115
7.335064
7.3525176
7.369899
7.4313784
7.1682177
7.2163024
7.284223
7.242711
7.297678
7.223498
7.2528567
7.1331787
7.375591
7.0449805
7.17688
7.114492
7.132415
7.1961007
7.2424445
7.1254325
7.025284
7.057889
7.209338
6.970934
7.0189366
7.0476575
6.957132
7.067883
7.034266
6.897908
6.8900385
6.8543034
6.8382354
6.7347054
6.906772
6.7864265
6.984897
6.733703
6.917366
6.860486
6.877798
6.868589
7.1750827
7.200716
7.1605544
7.0595913
6.8478804
6.562826
6.460951
6.608478
6.6050367
6.1913943
6.006924
5.680369
5.330737
5.4387083
4.799167
4.70969
4.294426
3.9282851
3.6073437
3.1826305
3.0970945
2.8753371
2.5287275
2.3166602
1.9922633
2.2022305
1.9733843
2.1217902
2.4276571
2.1580677
1.8586155
2.0917616
1.925183
1.8953143
2.25311
2.2767282
2.2906873
2.291649
2.229387
2.8226674
2.43015
2.308186
2.182237
2.684011
2.8965943
2.4368918
2.2987628
2.6478968
2.633085
2.299508
2.3270223
2.825781
2.8277102
2.7658257
2.433302
2.782044
2.7801807
2.9307845
2.1211586
2.718886
2.770331
2.3678527
2.221073
2.5589466
2.4176242
2.6004918
2.6049798
2.7783575
2.3443503
2.6219912
2.344799
2.092375
2.2579865
2.5330749
2.2505612
2.3834057
2.2003474
2.2734144
2.4187517
2.5672228
2.716617
2.1850395
2.3482628
2.2994578
2.1722817
2.3535197
2.2315607
2.457512
2.5030174
2.4830098
2.4787128
2.166673
2.8497696
2.6524727
2.6119304
2.1413894
2.4196055
2.6332629
2.1814325
2.475703
2.4128246
2.6337602
2.2762578
2.4230623
2.5934353
2.3838925
2.4928503
2.2249095
2.2442162
2.212336
2.6061335
2.3224094
2.794381
2.5513115
2.5043173
2.5171936
2.4104984
2.327318
2.1784527
2.2423205
2.0308158
1.9065353
2.4827614
2.7640815
2.6682239
2.6044958
2.5496256
2.2405608
2.7321808
2.680633
2.522056
2.6753187
2.653136
2.9150348
2.8919404
2.8985107
2.3729658
2.776992
2.6704664
2.6126533
2.082415
2.1924481
2.5102975
2.474165
2.2667549
2.3842826
2.171447
2.1609843
2.2647007
2.1632917
2.141168
2.363706
2.191001
2.1678982
2.3826034
2.259826
2.1810684
2.1738245
2.2402136
1.9756111
2.1904137
2.2601848
2.2431583
2.2577312
2.3827803
2.2332444
2.354284
2.0668035
2.006843
2.1016588
2.261532
2.300458
2.3604496
2.5581515
2.5095782
2.6885524
2.2741458
2.186103
2.1238737
2.2352395
2.1695952
2.3065927
2.6901066
2.6397421
2.4589734
2.4587076
2.348914
2.1074362
2.2063525
2.41631
2.3398108
2.7242095
2.7109046
2.707807
2.4950666
2.3141785
2.3752863
2.0472512
2.2246888
2.3372788
2.563306
2.5552938
2.3422124
2.197726
2.085614
1.9392414
1.907776
1.8331978
2.1615932
2.409451
2.398002
2.257108
2.1878538
2.3071055
2.2025974
2.0281866
2.0544868
1.8754218
2.1581142
2.5979495
2.62135
2.6401029
2.6700225
2.6414819
2.3846579
2.3606093
2.284081
2.3537562
2.121141
2.579905
2.7218246
2.661786
2.6784823
2.605148
2.6377482
2.3217468
2.4490995
2.2624025
2.1846843
2.4821374
2.4115
2.5502834
2.6885142
2.4595816
2.5769382
2.49502
2.4394445
2.6561627
2.2836761
1.9721626
2.0378928
2.344075
2.3118966
2.661945
2.28832
2.666188
2.6072724
2.6230762
2.1772828
2.0551748
2.2825751
2.3503888
2.4116178
2.4980147
2.5713305
2.337586
2.3611417
2.4458053
2.4636047
2.2793677
2.182253
1.9411098
2.0498753
1.921662
2.438614
2.5769134
2.2967837
2.5982704
2.3953688
2.6751657
2.3684778
2.203891
2.2456117
2.3853116
2.2268856
2.3112526
2.524064
2.4042935
2.14394
2.3238182
2.1092107
1.9952582
2.0275598
1.9965394
2.0382295
2.342954
2.680914
2.5585287
2.4165466
2.5023925
2.5129807
2.3141167
2.1126485
2.0673003
1.9109874
2.0225601
2.2922835
2.4607475
2.5079515
2.4488516
2.392505
2.1165645
2.242365
2.1742237
1.8614025
2.4647267
2.3336415
2.6075852
2.4272919
2.2791915
2.1396182
2.1066341
2.075476
2.2252154
2.4825833
2.5295322
2.5317705
2.3067868
2.095015
2.006624
2.2921023
2.2699833
2.509575
2.3914132
2.1906073
2.299167
1.9190531
2.0601864
2.335875
2.4530218
2.4574819
2.2661798
2.138237
2.1458766
2.0755782
2.271428
2.185398
2.3089228
2.1554277
2.0169637
2.0339203
1.8350992
1.9797034
2.229809
2.5704663
2.6477857
2.3799453
2.2699075
2.416135
2.5190942
2.2822788
2.2623522
2.3155425
2.4924192
2.5367517
2.4357965
2.4706955
2.4197426
2.276771
2.5190363
2.4611742
2.2851577
2.379663
2.1114872
2.6257024
2.3539762
2.4462383
2.3337805
2.192778
2.4708266
2.5110333
2.352658
2.2491336
2.737384
2.411771
2.2971497
2.4905915
2.4177651
2.3411212
2.4759471
2.165523
2.0867343
2.215821
2.2754848
2.3065417
2.2163548
2.2380753
2.5478756
2.257452
2.1373188
2.4131656
2.6602385
2.3037786
2.4732187
2.2132866
2.3248692
2.578458
2.394412
2.2166815
2.3828864
2.2336268
2.571857
2.717111
2.6200767
2.5854554
2.814059
2.3543644
2.5683968
2.6222363
2.5104544
2.5250769
2.5409484
2.5309265
2.4160626
2.3506448
2.4746108
2.557416
2.41994
2.2037992
2.402588
2.3221116
2.3996248
2.2789102
2.317059
2.3978631
2.4169083
2.290295
2.42695
2.6413212
2.499371
2.2976055
2.3692517
2.2099826
2.6986694
2.5667255
2.412159
2.4203095
2.2931404
2.3302016
2.5825498
2.514895
2.3419414
2.2906945
2.5466142
2.2234097
2.4371436
2.6543756
2.4181633
2.52907
2.4223895
2.3121076
2.4190705
2.608186
2.6279101
2.4241457
2.732088
2.5560367
2.2857373
2.4043896
2.5570657
2.3645303
2.4060585
2.435644
2.2834654
2.1414957
2.6559248
2.4149764
2.505269
2.290823
2.2188635
2.2071524
2.379844
2.6760616
2.3813725
2.5121033
2.520151
2.2518032
2.446457
2.7697973
2.3637516
2.5092309
2.4026709
2.35835
2.6886725
2.5808175
2.6867132
2.7007585
2.654835
2.631005
2.7522478
2.3697305
2.6565893
3.0489178
2.8398428
2.8067155
2.4845233
2.2115006
2.4260545
2.7567008
2.4384742
2.710671
2.4068296
2.3264909
2.5278978
2.775323
2.470224
2.358595
2.6698644
2.6197264
2.6451545
2.8722727
2.69792
2.2891817
2.364626
2.3774788
2.5015717
2.5830684
2.637288
2.5320773
2.5112534
2.4304698
2.3848681
2.5566406
2.7766423
2.5124278
2.2999003
2.5294168
2.741452
2.629338
2.919118
2.5936728
2.3622928
2.5815685
2.6709793
2.663891
2.7419655
2.958405
2.370736
2.6875882
2.8734505
2.8413715
2.7542448
2.9383004
2.7750344
3.1333084
3.059221
2.8129644
3.214856
2.9663577
2.7109702
2.7319381
2.7879775
2.7563825
3.0070114
3.1406884
2.5189168
2.561165
2.27366
2.3021417
2.7762406
3.0060854
2.6359615
2.3265865
2.3680913
2.3938317
2.8890963
3.031324
2.7119722
2.2608886
2.2799578
2.3254988
2.612252
2.8257658
2.7466764
2.2308772
1.9923484
2.1300366
2.1267686
2.2208562
2.337835
2.6315372
2.4331899
2.6086395
2.6088333
2.3053424
2.3781583
2.4333134
2.56916
2.8134747
2.5657978
2.5382826
2.6649106
2.6116796
2.5745783
2.3693638
2.0667589
2.1856723
2.4075627
2.3671744
2.6864715
2.4623234
2.3118732
2.4617288
2.3364
2.2681434
1.9971707
2.4006262
2.7539659
2.3877535
2.3575547
2.0512826
2.1350732
2.5175264
2.4099135
2.5693526
2.2755845
2.2928712
2.5727584
2.3975308
2.2557044
2.050358
2.4824307
2.7283325
2.5844865
2.5875154
2.4458954
2.5265467
2.7923915
2.6151927
2.531506
2.2226205
2.2008119
2.0975978
1.8867232
2.0916502
2.226512
2.4111133
2.2601404
2.0969472
2.0058594
2.3428588
2.4193606
2.0773575
2.1721182
1.8672192
1.9501617
2.1440794
2.150704
2.1642923
2.397909
1.9618472
1.9702529
2.046642
1.9890177
2.1168876
2.087013
2.2059543
2.3480852
2.0515563
1.8929304
1.8325868
1.9613049
2.1158986
1.8798608
1.8302414
1.7279245
2.2530308
1.9204156
1.8516513
1.7632055
2.2351317
2.09367
1.9535686
2.204733
2.1248858
2.2809827
1.8944833
1.8747684
1.9715462
2.1935153
2.0001497
1.8612117
2.030375
1.8954047
2.1835363
1.7789247
1.7550161
2.0074563
2.285851
1.8828657
1.8376474
2.0249987
2.208069
2.2794263
2.209108
2.1383233
2.1169622
2.2871144
2.2834055
1.8723749
2.0814338
2.2739985
2.394229
2.2675478
1.8619676
2.1167169
2.1772585
2.225529
1.9334713
2.161826
2.5649734
2.1187549
2.149301
2.0532084
2.4499393
2.397287
2.2913163
2.173817
2.200009
2.5682285
2.4779541
2.2980118
2.1611977
2.270826
2.2375925
2.200476
2.072604
2.2860653
2.377302
2.3666923
2.2688384
2.2375672
2.2805471
2.3358421
2.451621
2.3172796
2.3524036
2.3710287
2.5854008
2.4338338
2.443292
2.200129
2.468509
2.3630204
2.3422909
2.4596229
2.4494133
2.2355385
2.1436732
2.2302806
2.2507627
2.3299026
2.3667228
2.291604
2.1302211
2.1813717
2.076677
2.484746
2.8347628
2.9230566
2.6969492
2.5980968
2.1364925
1.7433152
2.0131626
2.1427016
1.9837607
1.9252887
1.6974918
1.7453297
1.8810697
1.8966666
2.1557312
2.1195364
2.0590937
1.8422129
1.9971294
1.9341159
1.7083225
1.6644255
1.9035615
1.8384798
1.9280231
2.171599
2.2154775
2.2046733
2.1189623
2.0453959
2.2327178
2.4539778
2.6081998
2.6565857
2.7773306
2.867289
2.6280081
2.343233
2.219595
2.2984624
2.2491338
2.3819451
2.5396109
2.4300406
2.5143259
2.6801174
2.6601217
2.852443
2.9173827
3.0313087
2.7833343
2.920732
2.8037803
2.5630665
2.6011305
2.8503165
3.0074072
3.0392745
3.0980191
2.9352653
2.5857985
2.6923795
2.8440256
2.8358684
2.5611918
2.7233334
2.7348034
2.8129594
2.8427558
3.2086172
3.321733
3.1976154
2.8952773
2.8533177
2.6644194
2.5099902
2.5137465
2.2793589
2.2290823
2.4035602
2.331831
2.4025068
2.706186
2.53023
2.4111214
2.471662
2.3092542
2.4029696
2.0507123
2.166466
2.270491
2.2965665
2.47174
2.6074715
2.844762
2.9362304
3.0007236
3.1155348
3.0924053
2.8695984
2.8648515
2.6807008
2.922019
2.7900047
2.8448281
3.0240617
3.1418304
3.1469405
3.234329
2.922761
2.9917774
2.72891
2.6502578
2.6981907
2.773428
2.7650182
2.8998377
2.8626685
2.780249
2.8507671
2.7345815
2.8597946
2.8226178
2.7990046
2.674676
2.6408606
3.112997
3.132372
3.2504578
3.183418
3.0705156
3.1685784
2.814611
2.6845527
2.3857195
2.2802062
2.034244
2.3429193
2.4612265
2.4694715
2.6389894
2.63278
2.7095675
2.6731956
2.6957552
2.6593347
2.557024
2.5807424
2.5042422
2.4723163
2.2237127
2.5069804
2.3735619
2.2853339
2.310875
2.2796466
2.6208205
2.5976214
2.266626
2.2233155
2.2778556
2.3066933
2.141616
2.1764095
2.0881753
2.1057568
2.1505814
2.2812135
2.1638029
2.2128844
2.2114284
2.0179844
1.7625985
2.0080795
1.9454623
1.8059704
1.7510515
1.935904
2.0721848
2.4181545
2.259221
2.4258456
2.387129
2.4616492
2.6493034
2.7880106
2.7574978
2.7197542
2.511085
2.3631039
2.2396512
2.0598345
2.2827187
1.6404107
1.7796556
1.81296
2.0626538
1.9546034
1.9935561
2.0365152
2.2055721
1.8969971
1.8799338
2.1491199
2.0792978
2.3313699
2.3434386
2.2769825
2.5541508
2.3561926
2.3771615
2.3216734
2.337524
2.6877117
2.3636804
2.343702
2.4631643
2.4246116
2.5921206
2.8038237
2.5840101
2.5606868
2.571174
2.8798301
2.524155
1.9756601
2.0979729
2.0947213
1.9419315
2.0652537
1.8811841
1.9676594
1.7616675
1.4858619
1.4876828
1.4249277
1.4280645
1.2698334
1.2596271
1.6839765
2.3385663
2.5589776
2.5288363
2.4722357
2.5290732
2.3862164
2.3561878
2.3527746
2.2743216
2.4602456
2.745364
2.5001109
2.318878
2.3939965
2.4423451
2.211762
2.2834744
2.2226536
1.833907
2.030876
2.0971422
1.8246678
1.7767047
1.7782156
1.8967563
1.7281165
1.8705833
2.334598
2.0823758
2.139887
2.0543115
2.0301583
1.9222815
1.985539
2.1040945
2.137413
2.3839383
2.43953
2.3563445
2.2604117
2.363083
2.4245036
2.4196002
2.4887712
2.5501323
2.33546
2.046452
1.6485956
1.6761553
1.3281262
1.5489528
1.1561787
1.3412379
1.5725131
2.307179
2.2474654
2.2203867
2.4100244
2.2894254
2.1428154
2.068485
2.126646
2.327027
2.4833736
2.3291776
2.5402293
2.3820662
2.0053802
1.9916688
2.030767
2.2742167
3.0997248
3.189121
3.3645916
3.1951568
3.2975872
2.7486064
3.0859683
2.9821334
2.8968246
2.8552356
2.5672286
2.5726113
2.548673
2.472568
2.4661522
2.5069585
2.5462267
2.4728327
2.4981182
2.2781215
2.1149204
2.2713587
2.4350257
2.6340349
2.7155104
2.5769224
2.268562
2.1558955
2.1446934
