440.0,439.0,99.0,169.0
440.52304,439.52307,99.0,169.0
442.09216,440.04614,99.0,169.0
441.56912,440.5692,99.0,169.0
443.13824,442.1383,99.0,169.0
442.6152,443.7074,99.0,169.0
444.18433,444.23047,99.0,169.0
443.6613,444.75354,99.0,169.0
445.2304,446.32263,99.0,169.0
444.70737,446.8457,99.0,169.0
446.2765,448.4148,99.0,169.0
446.79953,448.93787,99.0,169.0
447.32257,450.50696,99.0,169.0
447.8456,451.03003,99.0,169.0
449.41473,451.5531,99.0,169.0
448.8917,452.07617,99.0,169.0
450.46082,452.59924,99.0,169.0
450.98386,454.16833,99.0,169.0
451.5069,454.6914,99.0,169.0
452.02994,455.21448,99.0,169.0
452.55298,455.73755,99.0,169.0
453.07602,456.26062,99.0,169.0
453.59906,456.7837,99.0,169.0
454.1221,457.30676,99.0,169.0
454.67355,459.6129,96.888794,165.39603
456.20923,461.14856,96.888794,165.39603
456.72113,461.66046,96.888794,165.39603
457.23303,463.1961,96.888794,165.39603
457.74493,462.6842,96.888794,165.39603
459.2806,464.21985,96.888794,165.39603
458.7687,463.70795,96.888794,165.39603
460.30438,464.21985,96.888794,165.39603
459.79248,464.73175,96.888794,165.39603
461.31894,467.97546,94.82261,161.86891
462.82184,468.47644,94.82261,161.86891
461.31894,468.97742,94.82261,161.86891
463.8238,469.4784,94.82261,161.86891
462.3209,469.97937,94.82261,161.86891
463.8238,470.48035,94.82261,161.86891
465.31772,472.68915,92.80049,158.417
465.808,473.17944,92.80049,158.417
467.2789,473.66974,92.80049,158.417
466.7886,474.16003,92.80049,158.417
467.2789,474.65033,92.80049,158.417
467.7692,474.16003,92.80049,158.417
469.24008,475.63092,92.80049,158.417
469.757,478.7378,90.821495,155.03871
470.23685,478.25793,90.821495,155.03871
471.67636,479.69745,90.821495,155.03871
474.0322,481.81302,88.8847,151.73247
473.5626,483.22183,88.8847,151.73247
474.0322,481.81302,88.8847,151.73247
475.441,483.22183,88.8847,151.73247
475.9106,483.69144,88.8847,151.73247
476.38022,484.16104,88.8847,151.73247
477.78903,483.69144,88.8847,151.73247
477.31943,484.16104,88.8847,151.73247
478.72824,483.69144,88.8847,151.73247
479.19785,483.22183,88.8847,151.73247
481.50345,485.29236,86.989204,148.49673
482.88223,485.75195,86.989204,148.49673
483.34183,485.29236,86.989204,148.49673
483.80142,484.83276,86.989204,148.49673
484.26102,484.37317,86.989204,148.49673
488.28937,486.3995,85.13413,145.33
488.73914,485.94974,85.13413,145.33
487.3307,483.87537,87.01772,148.54543
487.7904,484.33508,87.01772,148.54543
488.25012,484.7948,87.01772,148.54543
488.70984,485.25452,87.01772,148.54543
489.16956,484.7948,87.01772,148.54543
490.54877,484.33508,87.01772,148.54543
491.00848,483.87537,87.01772,148.54543
491.4682,483.41565,87.01772,148.54543
491.92792,483.87537,87.01772,148.54543
492.38763,483.41565,87.01772,148.54543
492.84735,482.95593,87.01772,148.54543
493.30707,482.49622,87.01772,148.54543
494.68628,482.0365,87.01772,148.54543
495.146,480.6573,87.01772,148.54543
496.51694,484.45673,85.16204,145.37766
496.067,483.10693,85.16204,145.37766
497.41678,483.5569,85.16204,145.37766
497.86673,482.2071,85.16204,145.37766
498.31668,482.65704,85.16204,145.37766
498.76663,482.2071,85.16204,145.37766
498.31668,482.65704,85.16204,145.37766
499.66647,482.2071,85.16204,145.37766
499.21652,482.65704,85.16204,145.37766
499.66647,482.2071,85.16204,145.37766
500.11642,482.65704,85.16204,145.37766
501.45813,485.50818,83.34593,142.27744
503.6201,487.44968,81.56856,139.24333
506.56665,488.51904,79.82909,136.27393
507.82434,489.56558,78.12671,133.36784
508.23712,489.1528,78.12671,133.36784
507.82434,488.74002,78.12671,133.36784
509.85092,488.96854,76.46063,130.52373
509.447,488.5646,76.46063,130.52373
511.43036,489.567,74.830086,127.74027
511.82568,489.17166,74.830086,127.74027
511.43036,488.77634,74.830086,127.74027
513.4071,489.96237,74.830086,127.74027
513.0118,489.56705,74.830086,127.74027
513.4071,489.17172,74.830086,127.74027
515.34814,490.15274,73.234314,125.016174
516.5089,489.76584,73.234314,125.016174
515.34814,488.60507,73.234314,125.016174
517.2827,488.99197,73.234314,125.016174
517.6907,489.95206,71.67257,122.35017
518.06934,489.5734,71.67257,122.35017
519.2053,489.19473,71.67257,122.35017
519.584,488.81607,71.67257,122.35017
520.72,488.4374,71.67257,122.35017
520.3413,488.05875,71.67257,122.35017
521.4773,487.68008,71.67257,122.35017
522.6133,487.30142,71.67257,122.35017
523.0125,488.241,70.14413,119.74101
523.3831,487.8704,70.14413,119.74101
524.4949,486.75864,70.14413,119.74101
523.3831,486.38803,70.14413,119.74101
525.97723,486.01743,70.14413,119.74101
524.8655,484.90567,70.14413,119.74101
526.685,485.82526,68.648285,117.1875
527.04767,485.4626,68.648285,117.1875
528.13574,484.3745,68.648285,117.1875
528.4984,483.28644,68.648285,117.1875
528.13574,482.19836,68.648285,117.1875
529.2238,481.8357,68.648285,117.1875
528.86115,481.47302,68.648285,117.1875
530.67456,479.6596,68.648285,117.1875
531.03723,479.29694,68.648285,117.1875
531.3999,478.20886,68.648285,117.1875
531.03723,477.1208,68.648285,117.1875
532.85065,476.0327,68.648285,117.1875
532.53394,476.9327,67.18434,114.68844
534.3087,475.86783,67.18434,114.68844
535.3672,475.38007,65.75162,112.242676
535.71454,474.33795,65.75162,112.242676
536.08075,475.19992,64.34944,109.84907
537.10065,472.8201,64.34944,109.84907
537.4406,472.48013,64.34944,109.84907
537.7806,470.78024,64.34944,109.84907
538.8005,469.76035,64.34944,109.84907
539.14044,468.06046,64.34944,109.84907
538.8005,467.04056,64.34944,109.84907
540.50037,465.34067,64.34944,109.84907
540.2035,466.18427,62.97717,107.5065
541.8671,464.52063,62.97717,107.5065
540.86896,463.52246,62.97717,107.5065
541.8671,461.85883,62.97717,107.5065
542.8653,460.86066,62.97717,107.5065
543.198,460.52795,62.97717,107.5065
543.5307,459.5298,62.97717,107.5065
543.8634,458.53162,62.97717,107.5065
544.8616,457.53345,62.97717,107.5065
544.5289,456.53528,62.97717,107.5065
544.8616,456.2025,62.97717,107.5065
545.85974,455.8698,62.97717,107.5065
546.19244,454.87164,62.97717,107.5065
547.82605,455.05585,61.634163,105.21389
548.1517,454.07895,61.634163,105.21389
548.4773,453.10205,61.634163,105.21389
550.1054,452.12515,61.634163,105.21389
549.7798,451.79953,61.634163,105.21389
550.1054,451.4739,61.634163,105.21389
551.0823,451.1483,61.634163,105.21389
552.681,451.32855,60.319798,102.97017
552.9997,451.00986,60.319798,102.97017
553.31836,450.69116,60.319798,102.97017
553.637,449.7351,60.319798,102.97017
555.23047,448.77905,60.319798,102.97017
556.18085,449.56982,59.03346,100.7743
555.86896,449.25793,59.03346,100.7743
557.4284,448.32227,59.03346,100.7743
557.7403,448.01038,59.03346,100.7743
558.67596,447.6985,59.03346,100.7743
558.3641,447.3866,59.03346,100.7743
558.67596,446.45093,59.03346,100.7743
559.61163,445.51526,59.03346,100.7743
559.9235,445.20337,59.03346,100.7743
560.8592,444.2677,59.03346,100.7743
561.1711,443.9558,59.03346,100.7743
561.483,443.64392,59.03346,100.7743
564.21674,443.8166,57.77455,98.62526
565.7154,445.16238,56.542492,96.52205
566.6062,446.4795,55.336708,94.463684
567.4833,445.60242,55.336708,94.463684
568.9187,446.89145,54.156635,92.44922
569.20483,446.60532,54.156635,92.44922
571.1612,446.76373,53.001728,90.477715
571.4412,446.4837,53.001728,90.477715
572.2813,445.64365,53.001728,90.477715
572.56134,445.36362,53.001728,90.477715
573.9614,444.52356,53.001728,90.477715
576.41583,445.75818,51.87145,88.54825
577.238,444.93604,51.87145,88.54825
578.0601,444.662,51.87145,88.54825
580.4622,445.34204,50.765274,86.65993
579.1212,444.001,50.765274,86.65993
580.4622,444.26923,50.765274,86.65993
581.8032,443.4646,50.765274,86.65993
582.60785,443.19638,50.765274,86.65993
583.4125,442.39175,50.765274,86.65993
584.2171,442.12354,50.765274,86.65993
585.0217,442.39175,50.765274,86.65993
586.36273,441.58713,50.765274,86.65993
587.6795,441.7356,49.68269,84.81188
588.467,441.4731,49.68269,84.81188
589.7794,441.21063,49.68269,84.81188
591.0682,440.84998,48.62319,83.00324
592.3526,441.10687,48.62319,83.00324
593.61383,441.74432,47.58629,81.23317
594.87085,441.49292,47.58629,81.23317
595.62054,441.14746,46.571495,79.50085
597.3429,441.39352,46.571495,79.50085
597.5889,440.65536,46.571495,79.50085
598.797,441.2659,45.578342,77.805466
600.4435,441.39923,44.60637,76.14624
600.67914,441.6349,44.60637,76.14624
602.3288,440.45654,44.60637,76.14624
603.03156,440.587,43.655125,74.5224
604.18475,441.27893,43.655125,74.5224
604.87256,441.40665,42.724167,72.93319
606.45264,440.7295,42.724167,72.93319
607.1298,440.05234,42.724167,72.93319
608.7099,439.37518,42.724167,72.93319
608.9478,439.93527,41.81306,71.37787
610.4942,439.27255,41.81306,71.37787
610.2733,439.49347,41.81306,71.37787
611.8197,437.9471,41.81306,71.37787
612.92426,438.16803,41.81306,71.37787
613.587,437.5053,41.81306,71.37787
614.2497,436.40076,41.81306,71.37787
614.0288,436.17984,41.81306,71.37787
615.5752,436.84256,41.81306,71.37787
616.67975,435.738,41.81306,71.37787
617.34247,435.0753,41.81306,71.37787
617.56335,435.2962,41.81306,71.37787
618.6679,435.0753,41.81306,71.37787
619.3306,434.41257,41.81306,71.37787
619.99335,433.74985,41.81306,71.37787
621.0979,433.52893,41.81306,71.37787
620.4791,434.0771,40.921383,69.85571
622.7909,434.61356,40.04872,68.36602
623.42566,434.40198,40.04872,68.36602
624.4836,434.1904,40.04872,68.36602
623.8488,434.82516,40.04872,68.36602
625.3299,433.76724,40.04872,68.36602
626.3878,433.97882,40.04872,68.36602
627.44574,433.76724,40.04872,68.36602
628.50366,433.13248,40.04872,68.36602
627.44574,433.76724,40.04872,68.36602
629.35004,432.70932,40.04872,68.36602
629.9848,432.49774,40.04872,68.36602
630.61957,432.28616,40.04872,68.36602
630.40796,432.92093,40.04872,68.36602
631.88904,432.28616,40.04872,68.36602
632.10065,432.49774,40.04872,68.36602
633.15857,431.86298,40.04872,68.36602
634.2165,432.07455,40.04872,68.36602
634.85126,432.28613,40.04872,68.36602
634.63965,432.4977,40.04872,68.36602
635.6976,431.86295,40.04872,68.36602
635.9092,432.07452,40.04872,68.36602
636.9671,432.2861,40.04872,68.36602
637.60187,432.49768,40.04872,68.36602
637.82495,432.61484,39.19467,66.9081
639.2745,431.99362,39.19467,66.9081
640.3099,433.029,39.19467,66.9081
640.9311,432.82193,39.19467,66.9081
641.1382,432.61487,39.19467,66.9081
642.1736,432.4078,39.19467,66.9081
642.7948,433.44318,39.19467,66.9081
643.81146,433.5578,38.358833,65.48126
644.82477,433.35513,38.358833,65.48126
643.8665,434.2487,37.54082,64.084854
645.9873,435.50552,36.740253,62.718224
646.56964,435.3114,36.740253,62.718224
646.76373,435.11728,36.740253,62.718224
647.73425,436.08783,36.740253,62.718224
648.3166,435.5055,36.740253,62.718224
648.5107,434.92316,36.740253,62.718224
649.093,435.11728,36.740253,62.718224
650.4518,435.3114,36.740253,62.718224
650.6459,434.72906,36.740253,62.718224
651.2282,434.9232,36.740253,62.718224
651.807,435.40482,35.956757,61.380737
651.99695,435.5948,35.956757,61.380737
652.56683,435.40482,35.956757,61.380737
653.1367,435.5948,35.956757,61.380737
654.08655,435.40482,35.956757,61.380737
654.65643,435.5948,35.956757,61.380737
654.8464,435.78476,35.956757,61.380737
655.41626,435.97473,35.956757,61.380737
656.74603,435.0249,35.956757,61.380737
656.17615,435.21487,35.956757,61.380737
657.5059,435.0249,35.956757,61.380737
658.45575,435.21487,35.956757,61.380737
658.2658,435.40485,35.956757,61.380737
658.8357,435.21487,35.956757,61.380737
658.64575,435.0249,35.956757,61.380737
659.21564,434.83493,35.956757,61.380737
660.16547,434.265,35.956757,61.380737
660.3554,435.21484,35.956757,61.380737
660.9253,434.64493,35.956757,61.380737
661.4918,435.84872,35.18997,60.071774
661.67773,435.6628,35.18997,60.071774
662.2355,435.4769,35.18997,60.071774
661.67773,435.291,35.18997,60.071774
662.9791,436.22058,35.18997,60.071774
662.8167,436.32352,34.439533,58.790726
663.36255,436.14157,34.439533,58.790726
663.1806,435.95963,34.439533,58.790726
664.074,437.46338,33.7051,57.536995
664.6082,437.64145,33.7051,57.536995
665.4986,437.81952,33.7051,57.536995
665.3205,436.57303,33.7051,57.536995
665.4986,438.53183,33.7051,57.536995
666.03284,437.64148,33.7051,57.536995
666.2206,438.76987,32.98633,56.31
665.69775,438.24704,32.98633,56.31
666.91766,439.46695,32.98633,56.31
667.0919,438.24704,32.98633,56.31
667.2757,440.69516,32.282887,55.109173
667.78735,439.84238,32.282887,55.109173
667.2757,440.35406,32.282887,55.109173
668.1285,439.50128,32.282887,55.109173
667.95795,440.35406,32.282887,55.109173
668.1285,439.84238,32.282887,55.109173
668.299,440.35406,32.282887,55.109173
668.46954,439.84238,32.282887,55.109173
667.9579,441.0363,32.282887,55.109173
668.46954,439.84238,32.282887,55.109173
668.299,441.0363,32.282887,55.109173
668.81067,439.84238,32.282887,55.109173
668.6617,443.22467,31.594444,53.933952
669.4963,441.72238,31.594444,53.933952
668.9955,441.22162,31.594444,53.933952
669.1624,443.05774,31.594444,53.933952
668.9955,442.22314,31.594444,53.933952
669.1624,443.3916,31.594444,53.933952
669.32935,443.22467,31.594444,53.933952
669.4963,443.3916,31.594444,53.933952
669.6632,443.55853,31.594444,53.933952
669.83014,442.39008,31.594444,53.933952
669.04083,446.022,30.920683,52.783794
669.85767,444.55176,30.920683,52.783794
669.6943,444.3884,30.920683,52.783794
669.5309,443.89832,30.920683,52.783794
670.3477,443.0815,30.920683,52.783794
669.8576,443.24487,30.920683,52.783794
669.6942,443.0815,30.920683,52.783794
669.5308,442.59143,30.920683,52.783794
670.6744,443.0815,30.920683,52.783794
669.5308,442.2647,30.920683,52.783794
670.6744,442.10135,30.920683,52.783794
669.5308,442.2647,30.920683,52.783794
670.34766,441.77463,30.920683,52.783794
670.18427,440.95782,30.920683,52.783794
670.0209,441.1212,30.920683,52.783794
669.53076,440.95782,30.920683,52.783794
670.3476,440.46774,30.920683,52.783794
670.1842,440.95782,30.920683,52.783794
669.6941,440.14102,30.920683,52.783794
669.5307,439.97766,30.920683,52.783794
670.34753,439.16086,30.920683,52.783794
670.18414,439.32422,30.920683,52.783794
670.34753,439.16086,30.920683,52.783794
670.18414,438.67078,30.920683,52.783794
670.02075,437.52725,30.920683,52.783794
670.18414,438.01733,30.920683,52.783794
670.34753,437.20053,30.920683,52.783794
670.5109,437.03717,30.920683,52.783794
670.34753,436.22037,30.920683,52.783794
670.5109,436.057,30.920683,52.783794
670.6743,435.56693,30.920683,52.783794
669.8575,435.7303,30.920683,52.783794
670.0209,434.26004,30.920683,52.783794
670.18427,434.4234,30.920683,52.783794
670.34766,433.93332,30.920683,52.783794
670.51105,432.7898,30.920683,52.783794
670.67444,432.2997,30.920683,52.783794
669.5309,432.46307,30.920683,52.783794
670.3477,431.973,30.920683,52.783794
669.8576,430.82947,30.920683,52.783794
669.6942,430.3394,30.920683,52.783794
669.2041,430.17603,30.920683,52.783794
669.6942,429.35922,30.920683,52.783794
669.2041,429.52258,30.920683,52.783794
669.6942,429.0325,30.920683,52.783794
668.8774,428.2157,30.920683,52.783794
669.6942,427.72562,30.920683,52.783794
668.8774,427.23553,30.920683,52.783794
669.3675,426.74545,30.920683,52.783794
669.8576,425.92865,30.920683,52.783794
669.4,426.0191,30.26129,51.658165
669.5599,425.85922,30.26129,51.658165
669.7197,425.05984,30.26129,51.658165
669.8796,424.89996,30.26129,51.658165
668.76044,424.1006,30.26129,51.658165
669.5598,423.3012,30.26129,51.658165
669.71967,422.82156,30.26129,51.658165
669.5598,422.34192,30.26129,51.658165
669.39996,421.54254,30.26129,51.658165
669.2603,422.24747,29.61596,50.556538
669.4168,421.1522,29.61596,50.556538
668.9474,421.30865,29.61596,50.556538
668.47797,420.5263,29.61596,50.556538
669.2603,419.74396,29.61596,50.556538
668.7909,419.27457,29.61596,50.556538
668.00854,418.80518,29.61596,50.556538
668.47516,419.49506,28.98439,49.478405
668.6283,419.34192,28.98439,49.478405
668.78143,418.57626,28.98439,49.478405
668.6283,418.42313,28.98439,49.478405
668.1689,417.65747,28.98439,49.478405
667.7095,417.8106,28.98439,49.478405
668.1661,417.8954,28.36629,48.423264
667.7165,416.8463,28.36629,48.423264
668.1661,416.39673,28.36629,48.423264
667.7165,416.8463,28.36629,48.423264
668.1661,415.79724,28.36629,48.423264
667.41675,415.9471,28.36629,48.423264
667.5666,415.19778,28.36629,48.423264
667.41675,415.0479,28.36629,48.423264
666.96716,414.89804,28.36629,48.423264
666.21783,414.74817,28.36629,48.423264
666.3677,415.19775,28.36629,48.423264
666.21783,414.44843,28.36629,48.423264
666.068,414.29855,28.36629,48.423264
665.6184,414.14868,28.36629,48.423264
666.36774,413.6991,28.36629,48.423264
665.6184,414.14868,28.36629,48.423264
665.46857,413.0996,28.36629,48.423264
665.019,412.65002,28.36629,48.423264
664.26965,413.0996,28.36629,48.423264
664.71924,412.05054,28.36629,48.423264
665.1688,411.60095,28.36629,48.423264
664.11975,412.05054,28.36629,48.423264
663.67017,411.00146,28.36629,48.423264
664.71924,410.8516,28.36629,48.423264
663.9699,410.10226,28.36629,48.423264
663.2206,410.25214,28.36629,48.423264
663.67017,410.10226,28.36629,48.423264
663.82,409.35294,28.36629,48.423264
662.4712,409.20306,28.36629,48.423264
663.52026,408.75348,28.36629,48.423264
662.77094,408.90335,28.36629,48.423264
663.52026,407.55457,28.36629,48.423264
662.4712,407.70444,28.36629,48.423264
662.32135,406.9551,28.36629,48.423264
662.1715,405.90604,28.36629,48.423264
662.02167,405.1567,28.36629,48.423264
661.5721,405.30658,28.36629,48.423264
662.3214,404.55725,28.36629,48.423264
661.5721,404.70712,28.36629,48.423264
661.7219,404.25754,28.36629,48.423264
661.87177,403.20847,28.36629,48.423264
660.8227,403.0586,28.36629,48.423264
660.67285,402.30927,28.36629,48.423264
661.4222,402.1594,28.36629,48.423264
660.67285,401.7098,28.36629,48.423264
661.4222,401.55994,28.36629,48.423264
660.67285,401.41006,28.36629,48.423264
660.8227,400.66074,28.36629,48.423264
659.4739,400.8106,28.36629,48.423264
660.52295,399.46182,28.36629,48.423264
660.3731,399.31195,28.36629,48.423264
659.6238,398.86237,28.36629,48.423264
659.7736,397.8133,28.36629,48.423264
660.2206,397.89627,27.76137,47.39062
659.7806,397.45627,27.76137,47.39062
659.04724,397.60294,27.76137,47.39062
659.4846,397.68414,27.16935,46.38
659.34106,396.67935,27.16935,46.38
658.91046,396.5358,27.16935,46.38
659.34106,395.81808,27.16935,46.38
658.62335,395.96164,27.16935,46.38
658.7669,395.531,27.16935,46.38
658.91046,395.10037,27.16935,46.38
659.054,395.24393,27.16935,46.38
657.47504,395.10037,27.16935,46.38
658.19275,394.38266,27.16935,46.38
657.47504,393.95203,27.16935,46.38
657.6186,393.80847,27.16935,46.38
657.47504,393.37784,27.16935,46.38
657.04443,392.9472,27.16935,46.38
656.3267,393.09076,27.16935,46.38
656.7573,392.66013,27.16935,46.38
656.9009,392.2295,27.16935,46.38
657.04443,392.66013,27.16935,46.38
655.46545,392.2295,27.16935,46.38
656.18317,392.37305,27.16935,46.38
655.46545,391.65533,27.16935,46.38
655.609,391.2247,27.16935,46.38
655.46545,391.9424,27.16935,46.38
654.74774,391.2247,27.16935,46.38
655.46545,391.36826,27.16935,46.38
654.46063,390.0764,27.16935,46.38
654.6042,391.08118,27.16935,46.38
654.46063,390.65054,27.16935,46.38
654.3171,390.2199,27.16935,46.38
653.8865,390.93762,27.16935,46.38
654.3171,390.2199,27.16935,46.38
653.31226,390.65054,27.16935,46.38
653.1687,389.64575,27.16935,46.38
653.02515,389.5022,27.16935,46.38
652.59454,389.07156,27.16935,46.38
653.31226,389.78928,27.16935,46.38
652.59454,389.07156,27.16935,46.38
653.02515,389.21512,27.16935,46.38
652.0203,389.64575,27.16935,46.38
652.1639,388.92804,27.16935,46.38
652.30743,388.7845,27.16935,46.38
652.1639,388.35385,27.16935,46.38
651.7333,387.63614,27.16935,46.38
652.451,388.06677,27.16935,46.38
651.7333,388.21033,27.16935,46.38
652.1639,387.7797,27.16935,46.38
651.15906,387.63614,27.16935,46.38
651.3026,387.2055,27.16935,46.38
651.44617,387.63614,27.16935,46.38
651.5897,387.2055,27.16935,46.38
651.7333,387.63614,27.16935,46.38
651.87683,387.2055,27.16935,46.38
651.7333,387.63614,27.16935,46.38
651.3027,387.2055,27.16935,46.38
650.8721,387.63614,27.16935,46.38
651.3027,386.63135,27.16935,46.38
650.29785,386.4878,27.16935,46.38
650.4414,386.05716,27.16935,46.38
650.58496,386.4878,27.16935,46.38
650.15436,385.77008,27.16935,46.38
649.72375,385.91364,27.16935,46.38
650.44147,386.0572,27.16935,46.38
649.43665,386.20074,27.16935,46.38
649.86725,386.3443,27.16935,46.38
650.0108,385.6266,27.16935,46.38
649.006,385.77014,27.16935,46.38
649.14954,385.9137,27.16935,46.38
649.006,386.05725,27.16935,46.38
648.5754,386.2008,27.16935,46.38
649.2931,386.05725,27.16935,46.38
648.5754,386.2008,27.16935,46.38
648.71893,386.34436,27.16935,46.38
648.5754,385.62665,27.16935,46.38
648.4318,385.7702,27.16935,46.38
648.0012,385.62665,27.16935,46.38
647.2835,385.7702,27.16935,46.38
647.7141,385.62665,27.16935,46.38
647.57056,385.4831,27.16935,46.38
647.427,385.62665,27.16935,46.38
646.9964,385.7702,27.16935,46.38
645.9916,385.91376,27.16935,46.38
646.13513,386.0573,27.16935,46.38
646.2787,385.91376,27.16935,46.38
645.8481,385.7702,27.16935,46.38
646.5658,385.91376,27.16935,46.38
645.8481,386.0573,27.16935,46.38
645.99164,385.91376,27.16935,46.38
644.69977,386.0573,27.16935,46.38
645.4175,386.48795,27.16935,46.38
644.41266,385.77023,27.16935,46.38
644.84326,385.9138,27.16935,46.38
644.6997,386.6315,27.16935,46.38
644.2691,386.20087,27.16935,46.38
643.5514,387.20566,27.16935,46.38
643.982,387.0621,27.16935,46.38
642.6901,387.20566,27.16935,46.38
643.69495,387.3492,27.16935,46.38
643.26434,386.6315,27.16935,46.38
642.54663,387.06213,27.16935,46.38
642.97723,387.49277,27.16935,46.38
641.39825,387.06213,27.16935,46.38
642.11597,387.77985,27.16935,46.38
641.39825,387.6363,27.16935,46.38
641.5418,388.06693,27.16935,46.38
641.39825,388.49756,27.16935,46.38
641.2547,388.06693,27.16935,46.38
640.8241,389.07172,27.16935,46.38
641.2547,389.50235,27.16935,46.38
640.2499,389.3588,27.16935,46.38
640.39343,389.21524,27.16935,46.38
640.24176,390.04248,27.770472,47.40616
640.09503,389.60236,27.770472,47.40616
639.6549,390.33594,27.770472,47.40616
638.9213,390.48267,27.770472,47.40616
639.36145,390.9228,27.770472,47.40616
639.5082,390.77606,27.770472,47.40616
639.9483,391.8031,27.770472,47.40616
638.92126,391.36298,27.770472,47.40616
639.068,391.8031,27.770472,47.40616
638.62787,391.36298,27.770472,47.40616
638.18774,392.09656,27.770472,47.40616
638.62787,392.2433,27.770472,47.40616
637.6008,392.6834,27.770472,47.40616
638.92126,393.417,27.770472,47.40616
637.6008,393.27026,27.770472,47.40616
638.3344,393.12354,27.770472,47.40616
637.8943,393.27026,27.770472,47.40616
637.1607,393.71045,27.770472,47.40616
637.6008,394.15057,27.770472,47.40616
637.74756,394.00385,27.770472,47.40616
636.4271,394.44403,27.770472,47.40616
637.1607,394.88416,27.770472,47.40616
636.7206,394.73743,27.770472,47.40616
635.987,395.76447,27.770472,47.40616
636.1337,395.9112,27.770472,47.40616
636.28845,395.99243,27.178257,46.395206
635.85767,396.99756,27.178257,46.395206
636.28845,397.14114,27.178257,46.395206
635.2833,397.28473,27.178257,46.395206
635.1397,398.0027,27.178257,46.395206
634.1346,398.43344,27.178257,46.395206
634.2782,398.0027,27.178257,46.395206
634.1346,399.0078,27.178257,46.395206
633.7038,399.1514,27.178257,46.395206
634.1346,399.58215,27.178257,46.395206
632.8423,399.72574,27.178257,46.395206
633.56024,400.1565,27.178257,46.395206
632.5551,401.4488,27.178257,46.395206
632.6987,401.01804,27.178257,46.395206
632.5551,402.02316,27.178257,46.395206
631.83716,402.45392,27.178257,46.395206
632.26794,402.31033,27.178257,46.395206
630.97565,402.16675,27.178257,46.395206
630.2577,404.3206,27.178257,46.395206
630.6885,403.0283,27.178257,46.395206
631.11926,404.03342,27.178257,46.395206
629.5398,403.88983,27.178257,46.395206
629.9706,404.3206,27.178257,46.395206
628.96545,404.177,27.178257,46.395206
629.1091,405.75647,27.178257,46.395206
628.6783,405.0385,27.178257,46.395206
628.8245,404.67426,27.779575,47.4217
627.7972,405.40808,27.779575,47.4217
627.944,405.55484,27.779575,47.4217
627.50366,405.99515,27.779575,47.4217
627.944,405.26132,27.779575,47.4217
626.62305,406.5822,27.779575,47.4217
626.18274,406.72897,27.779575,47.4217
626.62305,406.87573,27.779575,47.4217
625.5957,406.72897,27.779575,47.4217
626.3295,408.04987,27.779575,47.4217
625.5957,407.31604,27.779575,47.4217
626.3295,407.75635,27.779575,47.4217
624.3472,407.38403,28.3942,48.470905
624.79724,407.53406,28.3942,48.470905
624.94727,408.28412,28.3942,48.470905
623.2971,408.43414,28.3942,48.470905
623.74713,408.8842,28.3942,48.470905
623.89716,408.43414,28.3942,48.470905
622.54706,409.48422,28.3942,48.470905
623.2971,409.63425,28.3942,48.470905
622.247,410.0843,28.3942,48.470905
622.39703,409.63425,28.3942,48.470905
622.247,410.98438,28.3942,48.470905
621.1969,410.53433,28.3942,48.470905
621.3469,410.98438,28.3942,48.470905
620.8969,411.1344,28.3942,48.470905
620.4469,411.28442,28.3942,48.470905
620.5969,411.73447,28.3942,48.470905
620.1469,412.48453,28.3942,48.470905
619.39685,412.3345,28.3942,48.470905
619.5469,412.48453,28.3942,48.470905
619.39685,412.93457,28.3942,48.470905
618.94684,412.78455,28.3942,48.470905
618.4968,412.93457,28.3942,48.470905
618.64685,413.3846,28.3942,48.470905
618.7969,414.13467,28.3942,48.470905
618.64685,414.2847,28.3942,48.470905
617.59674,414.73474,28.3942,48.470905
617.74677,415.4848,28.3942,48.470905
617.59674,415.63483,28.3942,48.470905
616.8467,415.78485,28.3942,48.470905
615.7966,415.3348,28.3942,48.470905
616.8832,415.2655,29.02242,49.543324
616.42316,415.7255,29.02242,49.543324
615.6565,416.49216,29.02242,49.543324
615.5032,416.33884,29.02242,49.543324
614.7365,416.49216,29.02242,49.543324
615.19653,416.64548,29.02242,49.543324
614.1232,417.10547,29.02242,49.543324
613.9699,416.95215,29.02242,49.543324
614.7366,416.79883,29.02242,49.543324
613.66327,417.25882,29.02242,49.543324
613.8166,417.7188,29.02242,49.543324
613.35657,418.48547,29.02242,49.543324
612.89655,418.6388,29.02242,49.543324
613.04987,418.7921,29.02242,49.543324
611.66986,418.6388,29.02242,49.543324
612.1299,419.40546,29.02242,49.543324
611.3632,419.55878,29.02242,49.543324
611.82324,419.7121,29.02242,49.543324
611.6699,420.47876,29.02242,49.543324
610.90326,420.32544,29.02242,49.543324
611.3633,420.47876,29.02242,49.543324
609.9833,420.93875,29.02242,49.543324
610.74994,420.47876,29.02242,49.543324
609.9833,421.24542,29.02242,49.543324
610.1366,421.0921,29.02242,49.543324
608.7566,420.93878,29.02242,49.543324
609.52325,421.0921,29.02242,49.543324
609.06323,421.5521,29.02242,49.543324
608.2966,422.62543,29.02242,49.543324
609.0494,423.30148,28.40351,48.486797
607.6988,423.15143,28.40351,48.486797
608.4491,423.30148,28.40351,48.486797
607.6988,423.75168,28.40351,48.486797
608.149,424.50198,28.40351,48.486797
606.7984,424.35193,28.40351,48.486797
606.3482,424.50198,28.40351,48.486797
607.0985,424.65204,28.40351,48.486797
606.0481,425.10223,28.40351,48.486797
605.5979,424.65204,28.40351,48.486797
606.0481,425.10223,28.40351,48.486797
604.6975,424.65204,28.40351,48.486797
605.4478,425.40234,28.40351,48.486797
604.6975,424.95215,28.40351,48.486797
605.1477,424.8021,28.40351,48.486797
603.7971,424.95215,28.40351,48.486797
604.2473,425.1022,28.40351,48.486797
603.497,425.25226,28.40351,48.486797
603.6471,425.4023,28.40351,48.486797
603.1969,426.15262,28.40351,48.486797
602.4466,426.00256,28.40351,48.486797
602.5967,425.8525,28.40351,48.486797
602.4466,426.00256,28.40351,48.486797
601.9964,426.15262,28.40351,48.486797
600.946,426.6028,28.40351,48.486797
601.09607,427.053,28.40351,48.486797
600.946,426.6028,28.40351,48.486797
600.4958,427.65326,28.40351,48.486797
600.6459,427.5032,28.40351,48.486797
600.4958,427.35315,28.40351,48.486797
600.3457,427.5032,28.40351,48.486797
599.5954,427.65326,28.40351,48.486797
600.0456,427.5032,28.40351,48.486797
598.695,427.65326,28.40351,48.486797
599.15924,427.27258,29.031937,49.559566
597.7788,427.42596,29.031937,49.559566
598.5457,427.27258,29.031937,49.559566
597.7788,427.42596,29.031937,49.559566
598.23895,427.57935,29.031937,49.559566
596.8585,428.0395,29.031937,49.559566
597.6254,427.57935,29.031937,49.559566
596.8585,428.0395,29.031937,49.559566
597.0119,427.57935,29.031937,49.559566
595.93823,428.34625,29.031937,49.559566
597.0119,428.19287,29.031937,49.559566
595.6315,428.0395,29.031937,49.559566
596.3984,428.19287,29.031937,49.559566
595.6315,428.34625,29.031937,49.559566
596.0916,428.49963,29.031937,49.559566
595.01794,428.95978,29.031937,49.559566
595.1713,428.49963,29.031937,49.559566
595.6315,428.95978,29.031937,49.559566
595.78485,428.19287,29.031937,49.559566
595.93823,428.653,29.031937,49.559566
596.0916,429.11316,29.031937,49.559566
594.7112,428.653,29.031937,49.559566
595.4781,429.11316,29.031937,49.559566
595.01794,428.653,29.031937,49.559566
594.25104,429.11316,29.031937,49.559566
594.7112,428.653,29.031937,49.559566
595.1713,429.11316,29.031937,49.559566
594.09766,428.34625,29.031937,49.559566
594.5578,428.49963,29.031937,49.559566
594.7112,428.653,29.031937,49.559566
594.86456,429.41992,29.031937,49.559566
594.7112,429.26654,29.031937,49.559566
594.25104,429.11316,29.031937,49.559566
593.7909,428.95978,29.031937,49.559566
594.5578,428.8064,29.031937,49.559566
594.4044,429.26654,29.031937,49.559566
594.5578,430.03345,29.031937,49.559566
594.7112,430.4936,29.031937,49.559566
594.86456,430.95374,29.031937,49.559566
594.1393,431.9257,28.412823,48.502693
594.29755,433.16626,27.806911,47.468357
594.45245,434.38043,27.21392,46.45608
593.49536,436.123,26.633575,45.465393
593.3547,438.23367,26.633575,45.465393
593.214,441.18863,26.633575,45.465393
592.27734,442.62277,26.065607,44.49583
593.5167,444.68845,26.065607,44.49583
592.8655,445.82657,25.50975,43.546944
593.2698,447.30908,25.50975,43.546944
592.5959,445.557,25.50975,43.546944
592.9978,446.93066,24.965748,42.618294
595.6795,454.1231,24.433346,41.709446
596.0668,456.3176,24.433346,41.709446
597.2286,458.2539,24.433346,41.709446
597.874,459.67386,24.433346,41.709446
596.7122,459.54477,24.433346,41.709446
595.03406,459.67386,24.433346,41.709446
595.16315,459.80295,24.433346,41.709446
596.0982,461.88617,24.973934,42.632267
596.50635,462.3728,25.526482,43.575504
598.72833,474.1464,24.982122,42.646244
610.73914,477.18207,24.982122,42.646244
612.9829,478.36993,24.982122,42.646244
612.587,480.08575,24.982122,42.646244
611.8998,483.31125,25.534851,43.58979
611.1974,484.36865,26.09981,44.554214
610.7837,485.88547,26.09981,44.554214
613.3214,488.08832,25.543222,43.604084
612.0587,490.54614,26.108366,44.568825
611.3406,491.91357,26.686014,45.55491
610.89905,493.89633,27.276442,46.562813
610.1488,495.3249,27.879932,47.593014
609.3819,497.39636,28.496777,48.646008
608.91046,498.88885,29.127268,49.7223
609.06433,500.5816,29.127268,49.7223
608.9018,505.61957,29.77171,50.822407
609.0591,506.72058,29.77171,50.822407
608.9018,507.50702,29.77171,50.822407
608.7445,508.92267,29.77171,50.822407
608.25195,512.4401,30.430408,51.946854
609.6989,513.8871,30.430408,51.946854
609.8684,515.83563,29.781471,50.839073
609.71106,517.8811,29.781471,50.839073
609.5537,519.9266,29.781471,50.839073
610.9698,521.97205,29.781471,50.839073
610.49774,525.59094,29.781471,50.839073
609.6785,526.49774,30.440386,51.963886
609.83936,528.58844,30.440386,51.963886
610.32184,530.3575,30.440386,51.963886
609.83936,532.1265,30.440386,51.963886
612.1791,535.00574,29.791235,50.85574
611.3921,536.73706,29.791235,50.85574
611.2347,538.7832,29.791235,50.85574
611.0773,540.5145,29.791235,50.85574
611.5642,545.6673,30.450367,51.980923
611.0816,546.4717,30.450367,51.980923
610.244,548.06647,31.12408,53.131
610.7373,549.5464,31.12408,53.131
612.4956,551.8563,30.46035,51.997967
612.0128,553.9484,30.46035,51.997967
611.50885,558.883,31.134285,53.148422
611.0154,560.0344,31.134285,53.148422
610.8509,561.51483,31.134285,53.148422
610.6771,562.80414,31.823132,54.32433
610.509,565.9986,31.823132,54.32433
612.30676,568.0363,31.144493,53.165848
611.8131,569.5172,31.144493,53.165848
613.8898,572.7803,30.480328,52.03207
613.4067,574.2296,30.480328,52.03207
612.9236,579.54376,30.480328,52.03207
613.4067,580.671,30.480328,52.03207
613.24567,581.7983,30.480328,52.03207
613.07556,586.0679,31.154705,53.18328
612.5818,586.89087,31.154705,53.18328
614.3418,589.203,30.490322,52.049133
613.8585,594.1968,30.490322,52.049133
613.3541,594.7909,31.16492,53.20072
613.18945,596.60205,31.16492,53.20072
614.6326,598.91504,30.50032,52.0662
614.4715,601.33215,30.50032,52.0662
615.884,606.0808,29.849892,50.95587
615.06287,606.6625,30.51032,52.08327
614.9017,608.4356,30.51032,52.08327
616.9361,612.5644,29.859678,50.97258
616.11475,613.1462,30.520323,52.10035
615.9739,617.2763,29.869467,50.989292
616.4473,619.64343,29.869467,50.989292
616.2895,621.0637,29.869467,50.989292
616.13165,625.64014,29.869467,50.989292
615.6582,626.4292,29.869467,50.989292
616.44727,631.63684,29.869467,50.989292
615.62573,632.54626,30.530329,52.11743
615.4644,634.6431,30.530329,52.11743
615.3031,638.0304,30.530329,52.11743
614.4633,638.95996,31.205812,53.27053
616.54407,642.22943,30.540339,52.13452
616.06,645.6178,30.540339,52.13452
615.8986,648.0381,30.540339,52.13452
615.73724,649.8129,30.540339,52.13452
616.2184,653.63477,29.889057,51.022736
616.0605,655.37177,29.889057,51.022736
616.53424,659.6354,29.889057,51.022736
617.3238,660.7408,29.889057,51.022736
617.1659,666.2677,29.889057,51.022736
617.33234,667.87714,29.251663,49.93466
618.7232,671.12256,29.251663,49.93466
620.0779,673.8894,28.627863,48.86979
619.9458,676.3056,28.017365,47.827625
620.1018,678.6703,27.419886,46.807686
621.9301,680.9846,26.835148,45.809498
621.50476,685.0961,26.835148,45.809498
620.76666,686.7958,27.428875,46.823032
620.6135,688.53296,28.035738,47.858994
656.7241,646.9726,28.656029,48.917873
655.1326,644.13794,28.04493,47.874683
656.1698,651.99084,28.04493,47.874683
656.318,655.3987,28.04493,47.874683
657.6987,659.0196,28.665424,48.93391
656.3987,656.47595,28.054125,47.89038
657.4723,664.4038,28.674822,48.949955
657.92676,668.4942,28.674822,48.949955
656.6263,665.9497,28.063322,47.906082
655.9252,667.4609,27.464863,46.88447
657.47675,671.4573,26.879166,45.884647
657.90027,673.72595,26.30596,44.906143
657.24304,678.08954,25.744978,43.948505
658.4353,681.3113,25.19596,43.01129
658.0624,683.1812,24.658648,42.094063
660.9623,686.267,24.132795,41.196396
660.32477,688.4345,24.132795,41.196396
659.72186,691.45447,23.618156,40.31787
660.8449,693.57574,23.618156,40.31787
658.6417,696.1073,24.140709,41.209904
648.715,660.5856,24.674822,42.121674
648.3239,661.75885,24.674822,42.121674
649.75793,664.2357,24.674822,42.121674
648.8454,667.4948,24.674822,42.121674
649.2365,671.0146,24.674822,42.121674
648.3687,674.60504,24.148624,41.223415
650.5376,677.2843,24.148624,41.223415
649.38934,680.9842,24.148624,41.223415
651.0479,682.89795,24.148624,41.223415
649.89966,683.2807,24.148624,41.223415
650.0272,684.17377,24.148624,41.223415
650.66516,684.0462,24.148624,41.223415
650.2824,684.68414,24.148624,41.223415
649.18726,685.98444,23.633648,40.344315
650.041,688.21985,23.129654,39.48396
648.7565,689.93646,22.636408,38.641953
650.0352,691.84705,22.153679,37.8179
648.9818,689.155,22.153679,37.8179
650.5582,685.94366,22.64383,38.65462
648.76373,685.82404,22.64383,38.65462
650.319,685.2259,22.64383,38.65462
649.48157,685.5848,22.64383,38.65462
650.0797,686.4222,22.64383,38.65462
650.6671,687.87213,22.160942,37.8303
649.21063,689.51685,21.688353,37.023556
650.2419,691.0065,21.688353,37.023556
649.21063,688.6002,21.688353,37.023556
650.0127,688.2565,21.688353,37.023556
650.81476,688.6002,21.688353,37.023556
649.6102,688.66364,21.225842,36.234016
650.3952,688.3272,21.225842,36.234016
650.7316,688.66364,21.225842,36.234016
651.06805,689.22437,21.225842,36.234016
650.0588,690.45795,21.225842,36.234016
651.10376,692.03503,21.695463,37.035694
650.5617,694.3081,21.232801,36.245895
651.3287,692.8565,20.780006,35.472942
650.3406,690.1119,20.780006,35.472942
650.8796,690.80756,20.336866,34.716473
651.2019,689.8406,20.336866,34.716473
651.95404,689.73315,20.336866,34.716473
650.77216,690.2704,20.336866,34.716473
651.5243,691.6672,20.336866,34.716473
650.39484,693.38367,19.903177,33.976135
651.3165,695.0635,19.478737,33.251583
650.0364,696.50916,19.063347,32.542484
651.3457,694.1927,19.063347,32.542484
652.7022,689.96643,19.485123,33.262486
652.80707,689.278,19.916231,33.998417
652.70184,689.5937,19.916231,33.998417
653.0175,690.75116,19.916231,33.998417
653.7541,691.6982,19.916231,33.998417
652.8509,693.3791,19.491512,33.27339
654.18964,691.4225,19.491512,33.27339
654.7045,692.55524,19.491512,33.27339
654.2176,693.80334,19.07585,32.563828
655.36584,689.99255,19.497902,33.2843
655.6845,689.7312,19.929293,34.020718
656.21094,690.8894,19.929293,34.020718
655.4739,691.62646,19.929293,34.020718
656.4215,692.78467,19.929293,34.020718
656.3162,693.7323,19.929293,34.020718
657.26385,692.3635,19.929293,34.020718
657.5779,694.4516,19.504295,33.295216
657.887,692.08154,19.504295,33.295216
658.81445,691.3602,19.504295,33.295216
659.1236,690.4328,19.504295,33.295216
659.63885,689.7115,19.504295,33.295216
658.7114,690.6389,19.504295,33.295216
659.43274,691.1542,19.504295,33.295216
659.948,691.8755,19.504295,33.295216
660.25714,692.8029,19.504295,33.295216
659.57117,694.4491,19.08836,32.585186
660.45514,695.8658,18.681295,31.890297
661.9356,693.59576,18.681295,31.890297
663.26495,691.2974,19.09462,32.59587
662.5588,691.19653,19.09462,32.59587
662.86145,690.89386,19.09462,32.59587
663.7694,691.19653,19.09462,32.59587
663.46674,692.1045,19.09462,32.59587
663.16406,692.81067,19.09462,32.59587
664.2428,694.42224,18.687422,31.900755
665.10815,695.80914,18.288906,31.22046
664.46497,696.9802,17.89889,30.554676
665.65845,696.3034,17.51719,29.903088
667.097,693.76416,17.904758,30.564693
667.1916,693.48035,17.904758,30.564693
668.04297,693.0074,17.904758,30.564693
667.94305,692.5711,18.300901,31.240938
667.4596,692.6678,18.300901,31.240938
668.5232,693.3446,18.300901,31.240938
669.00665,694.2148,18.300901,31.240938
669.10333,695.2784,18.300901,31.240938
668.8325,696.63666,17.91063,30.574717
669.8734,694.83875,17.91063,30.574717
670.9143,694.1764,17.91063,30.574717
671.7659,694.271,17.91063,30.574717
672.4283,693.79785,17.91063,30.574717
671.57666,692.9462,17.91063,30.574717
672.4283,693.04083,17.91063,30.574717
672.71216,693.7032,17.91063,30.574717
672.99603,694.5548,17.91063,30.574717
673.4692,695.40643,17.91063,30.574717
672.6569,697.1005,17.528679,29.9227
673.2901,696.0807,17.154875,29.28459
674.2592,697.7033,16.789042,28.660088
674.90173,695.4537,17.1605,29.294191
676.0804,695.00037,17.1605,29.294191
676.5337,694.9097,17.1605,29.294191
676.987,694.63776,17.1605,29.294191
675.9897,694.7284,17.1605,29.294191
676.6243,695.36304,17.1605,29.294191
677.259,696.179,17.1605,29.294191
678.05365,697.2779,16.794546,28.669483
678.1424,698.2539,16.794546,28.669483
678.58606,697.4553,16.794546,28.669483
679.5621,699.1412,16.794546,28.669483
680.36066,697.81024,16.794546,28.669483
681.00336,694.45514,17.166126,29.303795
681.6382,694.18304,17.166126,29.303795
681.91876,693.012,17.545927,29.95214
682.3979,693.16156,17.934132,30.614832
682.4926,693.8248,17.934132,30.614832
683.1559,695.0566,17.934132,30.614832
682.6821,696.2883,17.934132,30.614832
683.3454,697.8991,17.934132,30.614832
683.26263,696.67303,17.551682,29.961962
683.89667,698.1544,17.177387,29.323013
685.0765,696.4301,17.177387,29.323013
686.07477,693.6168,17.177387,29.323013
687.2546,693.8891,17.177387,29.323013
687.5353,692.90564,17.557436,29.971785
687.62976,692.67035,17.945894,30.63491
688.1038,694.28217,17.945894,30.63491
687.62976,694.94586,17.945894,30.63491
688.29346,696.1784,17.945894,30.63491
688.19867,694.5666,17.945894,30.63491
688.29346,696.1784,17.945894,30.63491
689.1468,694.7562,17.945894,30.63491
689.4401,695.3026,18.342947,31.312708
690.34314,692.04047,18.748785,32.0055
691.0365,691.9414,18.748785,32.0055
691.54846,692.1012,19.163603,32.713623
690.43475,692.20245,19.163603,32.713623
691.1435,691.89874,19.163603,32.713623
691.6406,693.321,18.754932,32.015995
691.93787,694.0146,18.754932,32.015995
692.2351,695.30273,18.754932,32.015995
693.1269,694.0146,18.754932,32.015995
693.639,691.5015,19.169886,32.72435
694.1625,691.6649,19.594019,33.448376
694.8871,691.97546,19.594019,33.448376
695.40466,690.6297,19.594019,33.448376
695.9397,689.293,20.027536,34.18842
695.82794,689.46375,20.470646,34.94484
696.3687,689.7882,20.470646,34.94484
695.3953,690.97784,20.470646,34.94484
696.1524,692.6001,20.470646,34.94484
696.6835,694.7448,20.034103,34.19963
697.001,693.79224,20.034103,34.19963
697.5302,692.2046,20.034103,34.19963
698.2711,693.15717,20.034103,34.19963
699.2574,689.5942,20.477358,34.9563
700.0411,688.42175,20.93042,35.729706
698.8247,687.86884,20.93042,35.729706
700.0846,687.81775,21.393505,36.520226
700.6497,688.15686,21.393505,36.520226
699.8585,689.17413,21.393505,36.520226
701.3279,690.1914,21.393505,36.520226
699.9219,691.9971,20.937283,35.74142
700.67816,693.55096,20.49079,34.979225
701.687,691.02997,20.944149,35.75314
702.25885,687.7644,21.407537,36.544178
703.05054,687.4251,21.407537,36.544178
704.2947,688.443,21.407537,36.544178
703.503,689.0085,21.407537,36.544178
704.55695,689.66034,21.88118,37.35272
704.0103,691.50714,21.414557,36.55616
704.8023,689.35754,21.414557,36.55616
704.0103,690.3758,21.414557,36.55616
705.2994,686.80206,21.888353,37.364964
705.4171,685.7888,22.372633,38.19166
706.028,685.73425,22.867628,39.03665
704.69904,686.8216,22.867628,39.03665
706.26965,688.8754,22.867628,39.03665
706.8737,690.92926,22.867628,39.03665
706.5113,688.39215,22.867628,39.03665
707.8879,684.8266,23.373575,39.900337
707.02344,684.4561,23.373575,39.900337
708.9429,684.3991,23.890715,40.78313
708.1027,685.4422,23.381237,39.913418
708.9474,686.9394,22.882626,39.062252
707.8593,688.2692,22.882626,39.062252
708.70557,690.3244,22.882626,39.062252
710.3338,687.76,23.388905,39.926506
708.66486,684.3696,23.906384,40.80988
710.812,683.7381,23.906384,40.80988
711.44354,684.117,23.906384,40.80988
711.31726,685.0011,23.906384,40.80988
711.9374,687.01886,23.396572,39.939598
710.63806,689.2318,22.897633,39.087875
711.7268,691.0464,22.897633,39.087875
712.5736,688.264,22.897633,39.087875
713.4498,684.4428,23.404243,39.952694
713.3192,684.1291,23.922062,40.836647
713.9512,684.76105,23.922062,40.836647
715.34143,685.64575,23.922062,40.836647
713.7693,687.42114,23.411917,39.965794
715.3303,690.1125,22.912651,39.11351
715.6935,687.0862,22.912651,39.11351
715.8145,686.723,22.912651,39.11351
716.4402,684.9088,23.419594,39.978897
715.79596,684.8517,23.937752,40.86343
716.6812,685.9899,23.937752,40.86343
715.79596,687.1282,23.937752,40.86343
717.2369,683.3958,24.467375,41.767532
717.88324,683.7836,24.467375,41.767532
718.27106,684.17145,24.467375,41.767532
717.6247,685.33484,24.467375,41.767532
719.5054,687.8983,23.9456,40.876827
718.36676,684.48254,23.9456,40.876827
719.2523,684.86206,23.9456,40.876827
720.3612,685.6637,23.434954,40.005116
720.23737,686.778,23.434954,40.005116
719.65186,689.23334,22.935196,39.151993
720.98474,686.20404,22.935196,39.151993
721.1059,686.3252,22.935196,39.151993
720.2577,686.6887,22.935196,39.151993
721.5906,687.5369,22.935196,39.151993
721.9541,686.6887,22.935196,39.151993
723.287,687.05225,22.935196,39.151993
722.1964,689.1122,22.935196,39.151993
722.31757,686.0829,22.935196,39.151993
723.3797,687.31793,22.446096,38.317066
722.54956,688.6224,22.446096,38.317066
724.32837,688.0294,22.446096,38.317066
724.9213,686.4878,22.446096,38.317066
724.32837,686.6064,22.446096,38.317066
725.6328,687.6737,22.446096,38.317066
726.70013,688.0295,22.446096,38.317066
726.8187,685.5391,22.446096,38.317066
725.2771,687.31793,22.446096,38.317066
727.2931,687.9109,22.446096,38.317066
728.1232,685.42053,22.446096,38.317066
727.2931,687.4365,22.446096,38.317066
729.0719,687.5551,22.446096,38.317066
727.5303,689.09674,22.446096,38.317066
729.0719,687.08075,22.446096,38.317066
730.1392,686.725,22.446096,38.317066
730.2578,687.7923,22.446096,38.317066
731.32513,686.725,22.446096,38.317066
731.4437,687.31793,22.446096,38.317066
732.51105,687.6737,22.446096,38.317066
732.39246,688.741,22.446096,38.317066
733.6969,686.9622,22.446096,38.317066
733.5933,687.7136,21.967426,37.499943
733.7094,688.29395,21.967426,37.499943
734.52185,690.03485,21.967426,37.499943
733.9415,687.13336,21.967426,37.499943
735.2182,687.7137,21.967426,37.499943
736.9591,688.294,21.967426,37.499943
736.1865,689.0295,21.498964,36.700245
737.2088,689.8246,21.498964,36.700245
737.3224,688.57513,21.498964,36.700245
737.436,688.9159,21.498964,36.700245
738.6854,688.34796,21.498964,36.700245
739.7077,688.46155,21.498964,36.700245
739.8213,689.4838,21.498964,36.700245
739.2842,691.9552,21.040493,35.917603
740.7293,689.17615,21.040493,35.917603
739.50653,689.2873,21.040493,35.917603
740.95166,689.39844,21.040493,35.917603
743.14087,689.11646,21.506014,36.71228
741.7275,690.0555,21.047392,35.92938
742.4878,692.4749,20.59855,35.163174
743.4672,689.3189,20.59855,35.163174
743.3584,690.0807,20.59855,35.163174
744.5555,690.1895,20.59855,35.163174
744.6643,691.3866,20.59855,35.163174
745.8614,689.97186,20.59855,35.163174
745.0996,690.29834,20.59855,35.163174
746.07904,690.40717,20.59855,35.163174
746.4055,691.8219,20.59855,35.163174
747.4196,688.3844,21.054295,35.94116
747.3084,688.0507,21.054295,35.94116
748.3095,688.6069,21.054295,35.94116
747.5309,689.608,21.054295,35.94116
748.7983,686.78687,21.52012,36.736355
748.912,688.4923,21.52012,36.736355
749.25305,688.8334,21.52012,36.736355
749.5941,690.08405,21.52012,36.736355
750.6174,688.15125,21.52012,36.736355
751.18585,687.58276,21.52012,36.736355
750.8448,688.37866,21.52012,36.736355
750.9585,688.7197,21.52012,36.736355
751.7544,687.2417,21.52012,36.736355
750.73114,687.128,21.52012,36.736355
753.57355,688.37866,21.52012,36.736355
754.142,689.17456,21.52012,36.736355
752.9469,691.4292,21.061197,35.95294
754.21466,687.9145,21.527176,36.7484
752.73615,687.5733,21.527176,36.7484
754.6696,687.9145,21.527176,36.7484
755.2383,688.2557,21.527176,36.7484
755.57947,688.59686,21.527176,36.7484
755.92065,689.6205,21.527176,36.7484
755.352,687.45953,21.527176,36.7484
756.14813,687.57324,21.527176,36.7484
756.4893,687.9144,21.527176,36.7484
757.28546,688.2556,21.527176,36.7484
757.8541,688.3693,21.527176,36.7484
756.8305,688.938,21.527176,36.7484
757.62665,689.0517,21.527176,36.7484
758.8777,689.1654,21.527176,36.7484
757.85406,688.36926,21.527176,36.7484
759.1051,687.34564,21.527176,36.7484
760.1287,687.9143,21.527176,36.7484
760.24243,689.3928,21.527176,36.7484
760.80084,691.8675,21.068102,35.96473
761.13477,688.41693,21.068102,35.96473
760.3556,688.75085,21.068102,35.96473
761.57996,687.9717,21.068102,35.96473
762.5817,688.5282,21.068102,35.96473
761.19714,689.87726,20.618818,35.19777
762.6133,690.85767,20.618818,35.19777
763.8116,692.70953,20.618818,35.19777
762.8312,689.5504,20.618818,35.19777
763.5937,689.44147,20.618818,35.19777
765.0098,689.1147,20.618818,35.19777
764.46515,689.44147,20.618818,35.19777
765.44556,689.98615,20.618818,35.19777
764.68304,690.96655,20.618818,35.19777
766.3171,689.3325,20.618818,35.19777
765.3367,689.44147,20.618818,35.19777
766.0992,689.3325,20.618818,35.19777
766.64386,689.8772,20.618818,35.19777
767.84216,690.204,20.618818,35.19777
766.86176,691.1844,20.618818,35.19777
768.2366,692.50464,20.179115,34.447166
767.4903,690.0526,20.179115,34.447166
768.663,690.15924,20.179115,34.447166
769.6225,689.62616,20.179115,34.447166
770.3688,690.7989,20.179115,34.447166
769.4536,692.5021,19.748789,33.71257
770.6013,694.2758,19.748789,33.71257
771.749,691.25,19.748789,33.71257
770.39264,691.563,19.748789,33.71257
772.1664,691.876,19.748789,33.71257
772.67865,692.5371,19.32764,32.99364
773.1892,693.86456,19.32764,32.99364
773.08136,690.851,19.755264,33.723625
773.6032,690.74664,19.755264,33.723625
775.16876,690.6423,19.755264,33.723625
775.4819,690.74664,19.755264,33.723625
776.21246,691.2685,19.755264,33.723625
775.1153,692.3323,19.333977,33.00446
776.2389,692.63873,19.333977,33.00446
777.1582,692.9452,19.333977,33.00446
778.4861,692.843,19.333977,33.00446
777.41235,692.8996,18.921675,32.30063
778.1121,692.9996,18.921675,32.30063
778.8119,694.69904,18.921675,32.30063
780.51135,692.3998,18.921675,32.30063
780.8113,693.09955,18.921675,32.30063
781.51105,693.3995,18.921675,32.30063
781.4054,690.4493,19.340317,33.01528
782.325,691.3689,19.340317,33.01528
783.0237,693.0012,18.92788,32.311222
784.7237,693.90125,18.92788,32.311222
785.0237,693.0012,18.92788,32.311222
785.5237,692.70123,18.92788,32.311222
784.4237,691.8012,18.92788,32.311222
785.1237,692.5012,18.92788,32.311222
785.8237,694.20123,18.92788,32.311222
786.75555,691.87256,19.346659,33.026108
787.2666,691.7703,19.346659,33.026108
786.5511,691.4637,19.346659,33.026108
787.471,691.5659,19.346659,33.026108
787.77765,692.48584,19.346659,33.026108
788.902,694.01904,19.346659,33.026108
788.3909,692.07697,19.346659,33.026108
789.7197,690.74817,19.346659,33.026108
790.88434,690.7009,19.774704,33.75681
789.7351,690.8054,19.774704,33.75681
790.46643,691.53674,19.774704,33.75681
790.5709,692.8949,19.774704,33.75681
791.0933,694.67096,19.774704,33.75681
792.4515,692.0591,19.774704,33.75681
792.347,691.9546,19.774704,33.75681
791.40674,691.4322,19.774704,33.75681
792.13806,690.9098,19.774704,33.75681
791.61566,691.85004,19.774704,33.75681
792.9738,692.99927,19.774704,33.75681
793.7306,690.1328,20.21222,34.503677
793.8374,690.026,20.21222,34.503677
793.51697,689.7056,20.21222,34.503677
793.84735,689.6563,20.659414,35.26707
794.18506,690.28534,21.116505,36.047356
793.62726,691.9588,21.116505,36.047356
794.63135,689.3928,21.116505,36.047356
794.7429,689.28125,21.116505,36.047356
795.07764,689.1697,21.116505,36.047356
795.1892,689.5044,21.116505,36.047356
795.5239,690.0622,21.116505,36.047356
795.6355,691.28937,21.116505,36.047356
796.6396,693.40906,21.116505,36.047356
794.90125,687.5702,21.583708,36.844902
795.69946,687.6842,21.583708,36.844902
796.72577,688.25433,21.583708,36.844902
796.8419,688.6749,22.061247,37.660095
797.6578,690.4232,22.061247,37.660095
796.60876,687.0432,22.061247,37.660095
796.95844,687.3928,22.061247,37.660095
797.5412,687.5094,22.061247,37.660095
796.95844,686.92664,22.061247,37.660095
798.24054,687.9757,22.061247,37.660095
798.3571,689.2578,22.061247,37.660095
798.4759,686.30176,22.549353,38.493324
797.88025,686.8974,22.549353,38.493324
798.2377,687.01654,22.549353,38.493324
797.88025,686.8974,22.549353,38.493324
798.95245,687.2548,22.549353,38.493324
800.26294,688.8036,22.549353,38.493324
800.84784,691.3957,22.068481,37.672443
800.9644,688.71405,22.068481,37.672443
799.4487,687.66473,22.068481,37.672443
799.5653,687.31494,22.068481,37.672443
799.9151,687.66473,22.068481,37.672443
801.19763,688.94727,22.068481,37.672443
801.3142,691.3957,22.068481,37.672443
801.89716,689.41364,22.068481,37.672443
800.56433,685.73083,22.556747,38.505947
800.2068,686.3267,22.556747,38.505947
801.041,686.4459,22.556747,38.505947
802.1136,687.75684,22.556747,38.505947
802.7095,690.0211,22.556747,38.505947
803.067,687.9952,22.556747,38.505947
801.7561,686.68427,22.556747,38.505947
801.8753,686.3267,22.556747,38.505947
802.23285,686.4459,22.556747,38.505947
802.5904,687.28015,22.556747,38.505947
803.4246,689.06775,22.556747,38.505947
803.78217,691.33203,22.556747,38.505947
804.1397,687.6377,22.556747,38.505947
804.7356,687.7569,22.556747,38.505947
805.3315,688.3528,22.556747,38.505947
805.2123,688.7103,22.556747,38.505947
805.581,684.94604,23.055815,39.35789
804.4413,684.3843,23.565924,40.228683
804.8265,684.84344,24.08732,41.118744
804.4447,685.47974,24.08732,41.118744
806.09906,686.8796,24.08732,41.118744
804.38025,683.12396,24.620253,42.028496
805.2908,683.254,24.620253,42.028496
804.9006,682.86383,24.620253,42.028496
806.3826,682.8037,25.164976,42.958378
806.7815,684.2662,25.164976,42.958378
807.9781,686.52637,25.164976,42.958378
806.2497,683.2026,25.164976,42.958378
807.4886,682.8653,25.721752,43.908833
807.62445,683.54474,25.721752,43.908833
808.3039,684.2242,25.721752,43.908833
809.49506,687.181,25.173227,42.97246
809.89404,689.44196,25.173227,42.97246
806.0372,682.6592,25.173227,42.97246
805.6382,682.5262,25.173227,42.97246
806.56915,682.9252,25.173227,42.97246
808.5641,684.12213,25.173227,42.97246
809.49506,686.38306,25.173227,42.97246
807.23413,683.05817,25.173227,42.97246
808.1651,683.45715,25.173227,42.97246
808.8301,684.12213,25.173227,42.97246
810.559,684.7871,25.173227,42.97246
810.692,687.314,25.173227,42.97246
807.8991,682.3932,25.173227,42.97246
808.8624,682.3317,25.730185,43.92323
809.283,682.83307,26.299465,44.89503
811.0893,684.36145,26.299465,44.89503
811.784,687.5572,26.299465,44.89503
809.04236,679.4202,26.88134,45.888332
809.7764,679.3546,27.47609,46.90361
810.2255,679.28754,28.083998,47.941353
811.26416,680.3262,28.083998,47.941353
811.4206,682.69653,27.485098,46.918987
809.7606,678.4111,28.093206,47.95707
810.79956,678.8563,28.093206,47.95707
811.8385,679.89526,28.093206,47.95707
812.87744,681.2311,28.093206,47.95707
811.1808,676.54285,28.71477,49.01812
811.6359,676.6946,28.71477,49.01812
812.09106,677.1497,28.71477,49.01812
812.5462,677.90826,28.71477,49.01812
814.5184,678.9702,28.71477,49.01812
813.80096,680.5164,28.102419,47.972794
814.26025,676.7509,28.724184,49.03419
814.7155,677.5097,28.724184,49.03419
815.1708,678.2685,28.724184,49.03419
816.8401,679.6343,28.724184,49.03419
817.9024,681.91064,28.724184,49.03419
818.057,677.432,29.359707,50.119072
818.2121,678.2076,29.359707,50.119072
818.6774,678.98315,29.359707,50.119072
820.0735,679.13824,29.359707,50.119072
818.30035,674.8824,30.00929,51.227955
819.41016,675.6751,30.00929,51.227955
820.2029,676.15076,30.00929,51.227955
821.6298,676.9435,30.00929,51.227955
822.1026,680.3932,29.369333,50.1355
820.6508,675.17004,30.01913,51.24475
821.4438,675.6458,30.01913,51.24475
822.55396,676.756,30.01913,51.24475
822.7212,678.67816,29.378963,50.15194
824.08167,682.3547,28.752449,49.082436
821.49927,677.9494,28.752449,49.082436
822.8664,677.7975,28.752449,49.082436
824.282,677.0969,29.388597,50.168385
825.6794,678.4943,29.388597,50.168385
824.5925,680.5128,29.388597,50.168385
822.9604,677.30634,28.761877,49.09853
824.6319,677.7622,28.761877,49.09853
826.91125,678.2181,28.761877,49.09853
829.4945,679.8896,28.761877,49.09853
825.2608,678.50903,28.148521,48.05149
825.41766,679.16473,27.548246,47.02678
818.27637,680.36755,26.960772,46.02392
818.1339,681.3646,26.960772,46.02392
817.7066,683.78613,26.960772,46.02392
815.85486,681.0798,26.960772,46.02392
813.1485,682.36176,26.960772,46.02392
818.3182,679.04474,27.557278,47.0422
820.7932,680.93744,27.557278,47.0422
821.22736,684.94727,26.96961,46.03901
831.34393,680.2452,26.96961,46.03901
833.76624,679.8177,26.96961,46.03901
838.7533,680.8151,26.96961,46.03901
840.60565,682.09753,26.96961,46.03901
843.7773,681.90173,26.394476,45.057213
845.3112,680.9256,26.394476,45.057213
844.5852,680.57184,26.978455,46.054104
842.44727,681.8546,26.978455,46.054104
846.0106,679.7166,26.978455,46.054104
844.7278,679.85913,26.978455,46.054104
845.4404,679.7166,26.978455,46.054104
843.3025,681.2845,26.978455,46.054104
846.0106,683.4225,26.978455,46.054104
847.5785,679.5741,26.978455,46.054104
845.4404,678.57635,26.978455,46.054104
847.8635,679.85913,26.978455,46.054104
845.81573,681.5866,26.403131,45.071987
847.3073,683.2773,25.840076,44.110813
845.8722,683.616,25.289028,43.170135
847.8763,683.2152,25.289028,43.170135
848.8115,684.41766,25.289028,43.170135
850.2402,685.0068,24.749733,42.24952
852.7246,683.82996,24.749733,42.24952
851.8093,683.9607,24.749733,42.24952
850.10944,685.39905,24.749733,42.24952
851.5478,687.62195,24.749733,42.24952
852.98615,683.82996,24.749733,42.24952
852.03406,682.4129,25.297321,43.18429
848.9601,683.0812,25.297321,43.18429
850.16296,684.0167,25.297321,43.18429
853.5043,682.27924,25.297321,43.18429
852.3014,681.8783,25.297321,43.18429
854.30615,682.81384,25.297321,43.18429
852.6436,684.949,24.757849,42.263374
854.04224,687.5429,24.22988,41.362095
852.89014,684.0866,24.22988,41.362095
850.97,683.9586,24.22988,41.362095
849.8179,684.5987,24.22988,41.362095
851.226,686.00684,24.22988,41.362095
853.1462,687.927,24.22988,41.362095
855.3224,683.9586,24.22988,41.362095
853.91425,684.0866,24.22988,41.362095
851.226,685.2387,24.22988,41.362095
852.6845,686.5077,24.765965,42.277233
854.71826,682.6462,25.313911,43.212616
854.04956,682.51245,25.313911,43.212616
850.70605,683.4486,25.313911,43.212616
851.6422,685.1872,25.313911,43.212616
853.721,680.96277,25.873981,44.168694
855.2247,680.82605,25.873981,44.168694
853.1742,682.05634,25.873981,44.168694
850.5769,683.01324,25.873981,44.168694
852.6274,683.97015,25.873981,44.168694
855.2247,681.37286,25.873981,44.168694
854.5412,681.23615,25.873981,44.168694
851.9439,682.46643,25.873981,44.168694
853.7851,683.5379,26.446444,45.145927
854.7632,680.6037,26.446444,45.145927
857.4179,681.0229,26.446444,45.145927
856.6904,681.2482,27.03157,46.14478
854.83386,682.8192,27.03157,46.14478
856.40485,679.5345,27.03157,46.14478
855.40515,679.39166,27.03157,46.14478
853.83417,679.24884,27.03157,46.14478
855.40515,680.24854,27.03157,46.14478
856.1433,681.66425,27.629644,47.165733
856.58124,678.89075,27.629644,47.165733
856.1433,679.03674,27.629644,47.165733
857.80646,678.06067,28.24095,48.209274
856.762,679.4035,28.24095,48.209274
856.91125,678.6575,28.24095,48.209274
855.5684,676.71783,28.24095,48.209274
855.4192,676.5686,28.24095,48.209274
857.6572,677.01624,28.24095,48.209274
857.508,678.6575,28.24095,48.209274
856.16516,680.0003,28.24095,48.209274
857.8064,678.3591,28.24095,48.209274
857.06036,678.20984,28.24095,48.209274
858.7016,677.4638,28.24095,48.209274
858.25397,677.91144,28.24095,48.209274
856.31433,678.9559,28.24095,48.209274
858.25397,680.2987,28.24095,48.209274
858.12366,679.51843,27.638702,47.1812
859.1458,679.6644,27.638702,47.1812
858.9998,680.1025,27.638702,47.1812
857.39355,682.2928,27.638702,47.1812
855.7873,678.3502,27.638702,47.1812
854.4731,678.4962,27.638702,47.1812
856.95544,678.6422,27.638702,47.1812
858.5617,679.9564,27.638702,47.1812
856.3714,681.5627,27.638702,47.1812
857.39355,678.4962,27.638702,47.1812
856.6333,677.82275,28.250208,48.225082
857.67804,677.6735,28.250208,48.225082
858.1258,678.1213,28.250208,48.225082
855.6938,679.93024,27.647764,47.196667
856.71625,681.82916,27.647764,47.196667
830.86194,687.23376,27.647764,47.196667
829.88965,687.31464,27.058167,46.19018
830.89026,686.88574,27.058167,46.19018
830.21423,683.65796,26.481142,45.205162
830.634,682.95844,26.481142,45.205162
832.73254,685.33685,26.481142,45.205162
831.4734,682.119,26.481142,45.205162
832.73254,683.65796,26.481142,45.205162
833.43207,680.99976,26.481142,45.205162
832.994,682.677,27.067038,46.205326
831.993,680.532,27.067038,46.205326
834.424,682.677,27.067038,46.205326
834.853,685.10803,27.067038,46.205326
835.88885,683.2616,27.665895,47.22762
836.32733,685.7464,27.665895,47.22762
835.9179,684.98206,27.075912,46.220474
836.34705,682.55023,27.075912,46.220474
837.63446,685.2681,27.075912,46.220474
838.077,683.12427,27.674967,47.243103
837.34595,679.76135,27.674967,47.243103
837.1997,681.0773,27.674967,47.243103
838.48126,680.87634,27.08479,46.23563
838.9105,679.8747,27.08479,46.23563
840.48456,680.87634,27.08479,46.23563
840.9138,682.7366,27.08479,46.23563
842.1681,685.5742,26.507198,45.24964
842.0281,682.9134,26.507198,45.24964
842.46136,680.524,27.09367,46.25079
841.41907,680.4579,27.693117,47.27409
842.1374,681.38495,27.102552,46.265957
842.84045,682.56836,26.524582,45.27932
843.7986,683.7265,25.958937,44.313725
845.5295,685.3887,25.405355,43.36872
845.39526,683.1069,25.405355,43.36872
846.33484,685.12024,25.405355,43.36872
846.7501,681.9946,25.96745,44.328255
847.45917,682.7853,26.541979,45.309017
848.44073,683.76685,26.541979,45.309017
848.0201,681.66345,26.541979,45.309017
849.00165,682.36456,26.541979,45.309017
850.7714,683.2531,25.975964,44.34279
851.1831,684.4882,25.975964,44.34279
851.3203,681.0573,25.975964,44.34279
852.8299,682.2924,25.975964,44.34279
853.824,680.52045,26.550682,45.32387
853.6837,681.5024,26.550682,45.32387
855.50726,683.3259,26.550682,45.32387
856.7697,685.43005,26.550682,45.32387
856.62946,683.0454,26.550682,45.32387
858.453,684.86896,26.550682,45.32387
858.88696,682.4756,27.138117,46.326664
859.03033,679.46466,27.138117,46.326664
858.3135,679.03455,27.138117,46.326664
859.8906,680.0382,27.138117,46.326664
861.4678,681.0419,27.138117,46.326664
862.47144,682.3323,27.138117,46.326664
862.6148,682.7624,27.138117,46.326664
862.47144,681.7587,27.138117,46.326664
863.7281,683.7728,26.55939,45.338734
864.14905,681.668,26.55939,45.338734
865.4119,683.4922,26.55939,45.338734
866.64185,686.54535,25.993002,44.371872
866.7792,683.6615,25.993002,44.371872
866.64185,682.42554,25.993002,44.371872
867.05383,681.46423,25.993002,44.371872
868.56445,679.9536,25.993002,44.371872
869.2511,681.1896,25.993002,44.371872
871.0364,682.42554,25.993002,44.371872
872.82166,685.3094,25.993002,44.371872
874.0576,688.19324,25.993002,44.371872
874.74426,685.8587,25.993002,44.371872
875.739,686.0802,26.568096,45.3536
874.7565,688.18567,26.568096,45.3536
875.4583,686.64166,26.568096,45.3536
877.0023,684.25543,26.568096,45.3536
877.1453,680.6955,27.155916,46.357048
877.8627,681.98676,27.155916,46.357048
879.7278,683.85187,27.155916,46.357048
880.4451,686.2909,27.155916,46.357048
881.1625,684.99963,27.155916,46.357048
880.7132,682.55176,27.75674,47.382698
879.6867,680.6454,27.75674,47.382698
881.5931,682.55176,27.75674,47.382698
882.9129,685.04474,27.75674,47.382698
882.1797,683.13837,27.75674,47.382698
884.03046,686.6119,27.16482,46.37225
884.461,684.4591,27.16482,46.37225
884.6045,681.1582,27.16482,46.37225
885.0324,680.131,26.585522,45.383347
886.0156,677.4623,26.585522,45.383347
887.2797,679.2882,26.585522,45.383347
888.5886,678.9319,27.173727,46.387455
890.16785,679.3626,27.173727,46.387455
892.0342,680.08044,27.173727,46.387455
893.0391,681.0854,27.173727,46.387455
894.90546,682.9517,27.173727,46.387455
897.6332,685.39233,27.173727,46.387455
898.351,684.1002,27.173727,46.387455
898.20746,681.0853,27.173727,46.387455
899.2124,682.0903,27.173727,46.387455
900.5045,681.65955,27.173727,46.387455
901.22235,680.36743,27.173727,46.387455
901.9402,679.0753,27.173727,46.387455
902.3709,680.36743,27.173727,46.387455
903.95013,681.65955,27.173727,46.387455
905.52936,683.5259,27.173727,46.387455
907.06445,685.8194,26.594238,45.398228
908.048,684.27386,26.594238,45.398228
909.5935,686.6624,26.594238,45.398228
910.90283,683.682,27.182636,46.402664
911.6209,680.66614,27.182636,46.402664
913.48785,682.5331,27.182636,46.402664
913.057,680.95337,27.182636,46.402664
914.0623,682.24585,27.182636,46.402664
915.0676,683.25116,27.182636,46.402664
916.3601,684.54364,27.182636,46.402664
917.4004,682.0934,27.784052,47.42932
918.4279,679.59796,27.784052,47.42932
919.16187,681.21265,27.784052,47.42932
921.0701,683.4145,27.784052,47.42932
922.1334,680.30084,28.398773,48.478695
921.9834,682.25134,28.398773,48.478695
923.0336,678.8005,28.398773,48.478695
924.384,677.75024,28.398773,48.478695
925.7343,678.8005,28.398773,48.478695
927.3847,679.55066,28.398773,48.478695
928.73505,681.20105,28.398773,48.478695
930.0854,679.25055,28.398773,48.478695
931.4357,680.90094,28.398773,48.478695
933.04004,683.58704,27.793161,47.444874
934.9489,686.67065,27.793161,47.444874
935.95294,686.1858,27.200464,46.433098
936.3815,685.1573,26.620407,45.442898
935.17413,682.79504,26.05272,44.473816
937.7073,684.19794,25.497137,43.5254
940.18646,685.3112,24.953403,42.597206
941.1093,684.1247,24.953403,42.597206
942.8232,684.7839,24.953403,42.597206
944.8007,684.38837,24.953403,42.597206
946.5146,683.99286,24.953403,42.597206
947.43744,685.1794,24.953403,42.597206
948.62396,686.10223,24.953403,42.597206
950.3378,684.9157,24.953403,42.597206
951.788,685.83856,24.953403,42.597206
953.76556,687.5524,24.953403,42.597206
954.9521,685.3112,24.953403,42.597206
956.66595,687.5524,24.953403,42.597206
957.5888,685.04755,24.953403,42.597206
958.7443,686.6453,24.421265,41.68881
960.6797,688.0646,24.421265,41.68881
962.357,685.87115,24.421265,41.68881
964.2341,686.9375,23.900475,40.79978
965.118,685.801,23.900475,40.79978
966.7595,686.4324,23.900475,40.79978
969.66376,687.82135,23.900475,40.79978
971.81036,685.92725,23.900475,40.79978
972.4417,686.81116,23.900475,40.79978
973.3256,685.6747,23.900475,40.79978
975.4722,687.06366,23.900475,40.79978
977.8714,688.45264,23.900475,40.79978
979.0481,685.7742,24.429272,41.702477
981.4234,687.3385,23.90831,40.81316
984.58124,687.9701,23.90831,40.81316
988.7496,685.3175,23.90831,40.81316
991.76135,686.56964,24.43728,41.716152
994.9891,688.5063,24.43728,41.716152
997.2638,685.76764,24.977955,42.639122
1000.82684,688.01105,24.977955,42.639122
1004.126,686.55945,24.977955,42.639122
1007.16113,683.7882,24.977955,42.639122
1010.46027,685.7677,24.977955,42.639122
1014.66956,688.89343,24.445292,41.72983
1016.8651,687.4728,24.445292,41.72983
1020.3522,684.5023,24.445292,41.72983
1023.1637,682.5668,24.986143,42.653103
1025.9359,681.90674,24.986143,42.653103
1028.7081,682.30273,24.986143,42.653103
1032.0083,683.7548,24.986143,42.653103
1037.1566,685.2069,24.986143,42.653103
1040.1927,686.92303,24.986143,42.653103
1041.9706,682.7533,25.538961,43.5968
1046.9629,684.2375,25.538961,43.5968
1049.7964,686.53125,25.538961,43.5968
1055.3285,683.69775,25.538961,43.5968
1060.5907,685.9915,25.538961,43.5968
1065.3132,689.09485,25.538961,43.5968
1067.5364,687.0887,24.994335,42.667088
1072.7667,687.9255,24.461323,41.7572
1078.3239,689.864,24.461323,41.7572
1081.948,688.19165,23.939678,40.866714
1086.8009,685.77124,24.469343,41.77089
1093.1674,688.0857,23.947527,40.88011
1094.6089,684.6144,24.477365,41.784584
1100.1697,686.29553,24.477365,41.784584
1105.989,688.7526,24.477365,41.784584
1111.7557,685.74115,25.018927,42.70907
1116.3821,684.2872,25.018927,42.70907
1122.5946,686.53424,25.018927,42.70907
1127.221,684.2872,25.018927,42.70907
1129.5498,686.14606,25.57247,43.654007
1135.6295,688.4429,25.57247,43.654007
1140.3582,685.87585,25.57247,43.654007
1144.701,683.01,26.13826,44.61985
1151.1458,684.0924,26.716568,45.607063
1157.1472,681.39124,27.307673,46.61612
1163.351,682.9782,27.307673,46.61612
1166.6692,681.10266,27.307673,46.61612
1173.1615,682.68964,27.307673,46.61612
1180.808,683.6995,27.307673,46.61612
1186.9423,680.04047,27.911856,47.647503
1193.5781,682.25244,27.911856,47.647503
1198.3182,679.12445,28.529406,48.701702
1204.1014,679.3676,29.160618,49.77923
1211.6505,678.2892,29.160618,49.77923
1219.5077,679.9839,29.160618,49.77923
1225.5161,678.2892,29.160618,49.77923
1233.0256,679.4967,29.805796,50.880592
1239.4819,677.4496,29.805796,50.880592
1246.2532,678.8668,29.805796,50.880592
1250.0078,675.85333,30.465248,52.006325
1258.2166,677.30194,30.465248,52.006325
1261.9186,675.85333,30.465248,52.006325
1264.6548,672.79517,30.465248,52.006325
1272.2197,673.9219,30.465248,52.006325
1274.9559,667.96655,30.465248,52.006325
1274.1511,656.86066,30.465248,52.006325
1273.3463,645.43286,30.465248,52.006325
1271.5758,634.00507,30.465248,52.006325
1263.0452,600.0435,30.465248,52.006325
1264.8157,592.15674,30.465248,52.006325
1262.5032,582.3171,29.815567,50.897274
1263.8839,575.4201,29.17974,49.811874
1270.2046,577.42426,29.17974,49.811874
1273.442,571.1036,29.17974,49.811874
1274.4961,564.9481,28.557474,48.749622
1274.6552,558.34216,27.948477,47.710022
1274.8055,547.5503,28.566837,48.765606
1261.675,512.38464,28.566837,48.765606
1263.6371,504.98932,28.566837,48.765606
1264.9954,498.1977,28.566837,48.765606
1270.8815,499.25415,28.566837,48.765606
1272.8435,493.36804,28.566837,48.765606
1273.5981,485.67084,28.566837,48.765606
1272.8435,475.257,28.566837,48.765606
1272.9944,464.84314,28.566837,48.765606
1274.3527,458.35333,28.566837,48.765606
1271.787,447.63763,28.566837,48.765606
1273.1453,440.24228,28.566837,48.765606
1271.4851,424.09326,28.566837,48.765606
1273.3899,422.43118,27.957642,47.725666
1272.356,411.944,27.957642,47.725666
1273.6853,404.41095,27.957642,47.725666
1274.7192,397.1733,27.957642,47.725666
1274.2761,384.91364,27.957642,47.725666
1273.833,375.9035,27.957642,47.725666
1275.1278,370.29056,27.361437,46.7079
1274.9833,360.60522,27.361437,46.7079
1275.4304,349.74002,27.966808,47.741314
1276.5006,337.71466,28.585573,48.797592
1276.3496,326.9919,28.585573,48.797592
1277.4436,314.38712,29.218029,49.87724
1277.598,302.1922,29.218029,49.87724
1245.953,306.36008,29.218029,49.87724
1247.651,308.36682,29.218029,49.87724
1249.6577,309.4474,29.218029,49.87724
1251.047,308.36682,29.218029,49.87724
1250.2751,310.6823,29.218029,49.87724
1249.1511,311.25165,29.864477,50.980774
1248.3622,309.2005,29.864477,50.980774
1247.5408,307.81805,30.525229,52.108723
1245.6971,306.40497,31.2006,53.261627
1243.4708,303.59247,31.890913,54.44004
1245.3242,305.10886,31.890913,54.44004
1246.1666,303.2555,31.890913,54.44004
1248.3569,306.45676,31.890913,54.44004
1250.1584,308.8236,31.210829,53.27909
1249.6638,311.6268,31.210829,53.27909
1251.1478,309.81296,31.210829,53.27909
1252.3021,310.96722,31.210829,53.27909
1248.5095,266.94046,31.210829,53.27909
1248.3446,269.41388,31.210829,53.27909
1249.8286,270.89792,31.210829,53.27909
1249.9935,269.41388,31.210829,53.27909
1250.4882,267.92984,31.210829,53.27909
1252.302,272.0522,31.210829,53.27909
1251.4775,270.89792,31.210829,53.27909
1252.302,259.5202,31.210829,53.27909
1254.1158,258.36594,31.210829,53.27909
1255.5613,257.8215,30.545248,52.1429
1258.2201,256.97757,29.893862,51.030937
1217.8939,216.87686,29.256367,49.942688
1223.8246,217.12619,29.903664,51.04767
1225.8784,217.91614,29.903664,51.04767
1253.9045,173.58672,30.565283,52.177097
1255.0085,172.74225,29.91347,51.064404
1258.449,172.99718,30.575304,52.194202
1258.3079,174.0208,29.923277,51.081146
1260.6792,174.1789,29.923277,51.081146
1239.3368,171.49133,29.923277,51.081146
1240.4435,170.70087,29.923277,51.081146
1241.5502,170.2266,29.923277,51.081146
1244.2378,171.01706,29.923277,51.081146
1245.3445,170.54279,29.923277,51.081146
1248.8635,174.8969,29.285154,49.991825
1249.0182,177.2177,29.285154,49.991825
1248.5337,176.18309,29.933088,51.097893
1246.7258,174.46931,30.595358,52.228436
1244.2073,169.36351,31.27228,53.38399
1245.404,166.20174,31.964178,54.565113
1243.4735,167.17497,32.671387,55.772366
1246.0626,169.41891,32.671387,55.772366
1247.9083,171.17819,31.974659,54.583004
1246.388,175.7393,31.974659,54.583004
1244.1063,178.11497,32.6821,55.790653
1245.6603,184.849,32.6821,55.790653
1246.1782,187.43901,32.6821,55.790653
1247.026,191.19598,31.985144,54.600903
1248.8849,195.42061,31.985144,54.600903
1251.1609,197.79704,32.692814,55.80895
1252.37,199.0061,32.692814,55.80895
1223.5251,197.10614,32.692814,55.80895
1223.3524,195.89708,32.692814,55.80895
1227.1123,195.1005,33.41614,57.04372
1234.3507,198.10176,33.41614,57.04372
1235.2632,197.28755,34.15547,58.305813
1237.6936,195.70645,34.911163,59.59583
1239.0297,196.38669,35.683575,60.914387
1242.2346,198.0834,35.683575,60.914387
1240.5378,193.37029,35.683575,60.914387
1240.3732,194.92836,34.92261,59.615368
1242.7017,195.38617,34.177876,58.34405
1244.2844,195.83423,33.44902,57.099846
1246.8555,196.95407,32.73571,55.882175
1248.0662,197.47292,32.73571,55.882175
1247.5474,197.64586,32.73571,55.882175
1248.758,197.8188,32.73571,55.882175
1249.2769,196.60815,32.73571,55.882175
